77368
72926
30110
233072
127019
68308
15946
16129
54979
66464
107104
128110
144990
173468
208373
240229
293465
335083
371373
416861
446464
407319
365446
379255
403992
422397
441118
458117
473274
469089
455280
439583
400512
356998
310875
289398
258825
224743
200504
176217
209941
243332
282778
311018
331460
360472
378233
384022
396480
517876
534839
520848
511116
523666
532183
536155
332460
340854
347589
334557
342371
324732
309980
306068
282364
680284
625358
626528
609225
624211
631592
628253
612157
637451
621346
621348
625068
623610
634594
614123
614856
650622
620963
627890
630493
621220
616279
628422
613288
601978
659133
617026
601058
686557
603394
635925
607688
621598
631868
638014
611934
612805
637888
639738
609596
648825
630204
623538
588787
653426
630741
631182
621284
624473
619269
630664
608651
636575
624660
609137
644940
617535
651028
607164
623937
630769
617653
589176
617992
676815
638240
629588
620039
623444
546284
606720
584282
624602
604433
658029
595221
645990
683274
339872
345610
350249
360581
352105
340107
335925
530298
577009
589844
570928
553804
585443
613575
608930
582513
639256
629347
655035
643558
605804
581123
610015
622924
620887
637313
610154
594592
644874
616303
613550
670970
629187
625520
637669
589886
532517
656245
589167
615578
616062
558664
654000
666653
651097
494647
561615
607933
599805
663425
645634
589066
668384
495380
659642
629071
642850
642564
543715
675115
665357
635387
565266
620710
660061
610167
613563
656867
668234
343717
373899
592037
634452
643069
615600
627136
628073
618659
612504
647979
623750
617227
597380
622804
625406
597408
581871
588670
574825
618782
571551
551744
551790
550075
537526
525057
526664
550538
500946
504561
491972
462756
435660
609266
620613
631313
618348
641690
617053
642307
574955
636517
662488
631979
617959
669944
610662
621844
606575
624621
614139
616225
600066
682751
640708
611268
633461
641535
623592
636644
617835
609843
623279
636310
632624
611821
629622
623054
583540
615943
642874
619620
609474
637190
618644
629369
642191
608603
606488
613928
662234
575315
661526
658860
607509
613754
625912
605502
592675
600823
664252
651912
644395
619646
626647
624061
638613
630033
623717
625510
647714
571323
579416
592782
579868
391445
277044
284891
282708
276844
274559
263672
253096
142649
142834
156814
176075
155970
147178
96935
164860
409416
674986
610462
648761
635280
626172
627298
520263
658661
651369
622790
632622
682561
566500
688154
564176
143232
142988
150030
175593
204062
178114
176860
176130
179620
169649
168219
178809
179258
174241
167466
159306
167243
187620
180100
175644
173060
174309
169201
170586
163056
228932
457652
650921
631887
629210
651071
589038
662889
590302
449005
369232
377629
383124
374677
244942
105746
111920
140740
127331
109936
653215
670792
630447
619892
638559
693676
534816
613041
625354
619505
631629
628583
640801
580076
622219
622486
624308
630562
661887
604718
651581
625827
637377
611933
619013
645086
625580
610512
634437
640009
569693
177061
19677
19608
131731
170084
167121
233605
256343
250166
243538
167111
45373
17549
13910
12464
12386
47891
168225
102664
27680
57723
67574
3404
5987
2286
2287
2286
1979
