77367
72926
30110
198661
119271
67999
15925
16126
54979
65690
107104
126559
143499
173074
180562
170819
173161
173040
173020
173391
174660
182793
174773
174561
172474
172919
177070
174688
175031
174833
170144
171147
174615
165554
170041
165890
166380
162551
164798
171432
194485
170966
174534
165855
172708
169114
171875
172353
170919
155774
178783
168511
164552
171730
171679
176681
147896
160479
162017
166675
165105
166643
166001
169821
158603
182922
169021
166405
169007
166856
168664
170221
167083
170350
164523
171784
171833
162344
171052
158736
171885
166463
162724
168405
168868
163936
164902
163583
165759
165758
160405
170786
169766
165337
166729
171006
175634
174531
174735
165977
177137
163916
164362
175879
164031
165881
171225
172656
170724
175195
167893
169814
174180
168187
172670
172513
170870
157135
170366
164725
165209
169022
171106
167348
167836
174401
167165
169342
165343
171467
178805
177717
171554
175708
169668
144309
157610
172421
164757
164364
158875
173873
191922
161900
175008
177806
173970
155988
169431
165600
161491
180111
181355
177768
183554
159978
176308
169764
148694
165511
161016
176036
176889
177576
166171
158018
165766
175913
159832
169739
183591
153693
167253
163976
179306
170613
171502
170100
165752
145880
154963
157916
155194
154929
155751
191735
172115
163808
167818
168997
174438
155338
161588
165582
162496
164966
169008
176327
173583
174886
176810
165124
185428
184372
174218
161947
153052
170543
170320
165266
169016
206967
142789
151967
143385
164616
164307
168409
169800
163287
166177
168537
169682
161347
169913
165516
163107
168822
160238
168857
168732
170112
178359
179056
180017
174087
174683
176314
178017
171585
187837
146205
170774
178375
171980
169139
159439
172110
155759
144712
167295
169281
166341
153999
158785
173393
167151
169388
184086
160885
173717
169457
176770
168889
170938
177644
187414
169839
173479
179650
181068
172236
181146
166455
177368
171795
176937
176940
166168
175836
174926
169512
161793
168330
167646
165284
165295
166375
167618
170631
170807
168320
163192
172215
158931
181274
182290
165397
173975
175722
168939
166499
171749
163328
177809
175235
170788
184258
162267
181074
174900
176054
174611
186613
166647
167264
173135
179578
165467
169484
165694
166619
166533
166752
167344
183536
133843
139390
153398
176082
156079
147209
95879
152722
171760
164360
159951
162117
165734
168450
174920
172171
191725
176068
171838
163039
199244
144632
202609
199986
111195
137492
147848
175620
189111
165792
175422
175434
179473
169854
168072
178809
179363
174241
167466
159306
167243
174477
158259
171079
170306
173704
167161
170346
163142
174934
162753
153044
166513
157465
162914
161467
160812
158778
177515
172163
173831
162552
192175
168142
99735
108875
137968
123060
104030
155316
172501
172986
177821
179635
193602
138257
171223
166924
170963
171527
175642
180400
160492
163739
167021
157068
169520
177375
176353
173798
176569
175780
176261
170455
175806
176667
174882
165001
172170
212358
122245
18396
19400
97037
168323
166432
174475
190170
168583
182023
144855
44530
17483
13894
12464
12386
48016
104384
80878
24662
55917
63518
3404
5987
2286
2287
2286
1979
