77368
72926
30110
233072
127019
68308
15946
16129
54979
66464
107104
128110
144990
173468
208373
240229
293465
335083
371373
405150
379748
361305
361255
378324
393081
371646
376535
378284
366987
380962
362771
362652
383470
353603
309759
287878
255209
224926
197193
176217
209941
243332
282778
311018
331460
360472
378233
384022
358536
363957
400170
354501
399604
342598
399717
394734
304961
337639
346902
336339
330547
324749
309393
306068
278679
412253
360252
361936
374808
374852
378401
367058
376504
371078
378766
372132
358205
374031
360963
359750
358623
378658
367878
373943
372463
362905
364193
367218
364736
361333
370666
350586
373509
396807
358797
382991
368678
374093
367115
384526
364184
366581
381701
369738
360380
382236
378826
375648
375267
363158
374492
379486
377981
376129
368558
379050
364317
373660
368095
370922
394570
358773
393324
359266
403308
359710
380047
362055
361243
404842
377806
382051
374473
369105
343959
339592
342730
363722
346606
363234
347464
364813
446777
319813
338394
349605
359901
347677
338452
335885
359269
390598
392679
378394
396179
353002
371533
346974
320935
359906
367246
388538
381352
366031
360019
347158
378068
379946
366040
376184
379735
369011
376576
347354
397768
383975
372118
385143
348472
314042
374447
336171
342823
338759
347655
403253
385896
384979
319464
379434
398892
334562
351889
376761
380459
374326
339483
385835
369636
379405
384972
355134
397585
395346
379322
339529
355535
382306
362618
378819
357676
451234
312504
318938
314845
380673
373143
367061
373923
375988
376964
369054
386382
372003
376425
365800
364296
398248
354299
373674
383908
367801
384448
379168
382871
379674
371442
380714
374057
365618
402028
339442
380116
371230
382571
314527
353578
362006
357758
355281
361988
362520
361267
355816
363899
388878
372285
377765
400874
347324
377061
373441
371920
372376
371446
370905
402722
385402
368893
374319
391683
375852
374774
373940
369724
368442
378588
384247
362906
380067
371479
354888
347670
384505
367766
367881
369315
382193
380186
372333
375344
370362
370938
394552
348682
389640
394171
348033
384973
379538
361023
374251
358266
362622
395634
372213
392575
374517
361019
389759
379971
372829
376159
394370
346070
383046
363637
384334
342144
272700
283618
281585
274320
274157
259808
245009
142649
140382
154713
176075
155970
147178
96935
164860
375768
391131
351986
367487
391033
363450
391896
339605
396733
391739
369540
371169
415241
330117
426068
381238
138535
141507
148949
175459
204094
177761
176779
176130
179620
169649
168219
178809
179258
174241
167466
159306
167243
186021
180100
175644
173060
174309
169201
170586
163056
228932
389762
362147
371218
371694
376343
344195
353436
359122
397138
360193
366699
380948
374358
245004
105781
111920
138266
123535
107069
376340
398165
377564
382387
377640
414364
310374
369558
375478
378894
372413
379286
399648
334414
349654
366196
359807
358926
390294
373246
368015
395196
369818
376442
370240
382758
369841
375075
364531
407711
394123
171329
19519
19608
131597
170022
167121
233605
256343
250166
243538
163710
45171
17549
13910
12464
12386
47891
171028
97862
27680
57723
67574
3404
5987
2286
2287
2286
1979
