77366
71828
30110
131020
78332
66252
15085
15934
54978
61968
104630
117186
115771
110935
108409
110017
109500
109863
110913
111202
113940
115619
113392
111222
107845
111945
114233
115183
111716
111573
112107
111344
111218
109152
111162
107419
108038
104428
103042
107817
123692
109716
110040
106890
108393
110674
108243
112412
109206
100927
109288
107305
110017
106398
111523
118485
93903
103293
104094
104846
100515
102447
105048
106106
105530
115904
109535
112095
103934
106258
109280
106639
108346
106041
104691
104648
107075
107831
109381
107487
108477
107311
108756
107404
105690
107413
111029
106047
106252
102596
108605
103676
102103
110395
112812
112754
109569
111756
113914
112605
107367
111716
113623
110575
109409
111207
109270
110426
109624
110041
112900
108601
110530
112267
104270
104801
106695
109454
106137
111981
105861
104650
105877
107437
107443
109092
109088
109123
104523
104526
110279
111859
108739
109151
106100
99216
102972
112002
107483
110628
109145
108777
119051
109977
112004
113713
112337
97081
109664
108679
104076
113400
118636
113296
116212
101331
116868
108593
100269
109895
105326
108714
113019
113296
108681
102157
105040
101816
110190
107120
110116
104000
110553
108599
108921
110941
110307
104956
106382
95723
101513
95553
95894
95058
111011
118934
107605
108103
104771
107340
113231
105514
107044
108818
107286
110353
107975
111855
114112
108378
114163
109605
118446
117534
111146
105991
98530
106313
109127
110449
111219
132387
90196
96121
95848
106183
110702
108712
110239
103191
106478
109879
108730
107224
108614
105980
106184
102729
107352
108953
107280
111134
114412
112230
114302
113595
110589
116327
115897
111440
117529
94811
107957
108328
111572
113600
101077
104300
102131
105205
106076
104165
107336
102674
102067
107473
106319
109233
115514
108796
111816
108222
112157
111911
111823
107525
119381
110134
113284
115737
117400
108409
117149
106525
110465
115964
111604
115846
107532
111176
113053
111554
104522
105251
108078
108887
108742
107234
108618
108634
112042
110209
107466
110428
104442
116032
119040
103449
117132
113149
106682
108049
112908
106862
112185
110855
114424
113475
106213
116001
113257
111122
115702
113173
108466
111341
113770
110911
106311
105370
105401
105501
107008
109332
108225
113047
100864
106485
113327
131998
109348
110633
86867
112031
104344
105202
97785
110221
111657
111066
110663
110006
124337
114165
108595
100909
130295
86748
127600
134429
76018
121341
116952
111395
109338
110197
115044
113662
112957
107512
112635
112458
110533
113261
110808
113920
114276
113475
102115
110994
113253
109890
113199
114273
108525
109418
100286
93380
107953
109222
102340
107997
103583
106350
106636
112424
106418
108262
123727
106134
87340
95963
112373
107815
90096
86495
107802
109529
114744
114735
119782
96952
104862
109446
107885
108187
110270
112427
105479
107245
103550
110528
106928
112698
116491
114858
109346
111650
112832
112101
114371
111960
110085
109657
107165
136432
87913
17294
18786
73449
118766
105159
106490
119964
109095
115694
109974
39463
17307
13848
12467
12386
47422
78769
69457
22624
53387
62738
3382
5972
2286
2287
2286
1979
