77368
72926
30110
232532
127019
68308
15946
16129
54979
66464
107104
128110
144990
173468
208200
239079
267884
247752
244667
242194
259293
251335
252034
248360
239231
262326
249864
245347
244738
255916
239321
250055
250551
247065
243023
251089
237867
221069
196243
173387
209726
242962
271366
235061
263999
234371
248113
242830
245179
225873
253518
248625
239367
248701
240717
270680
206808
236692
236990
234916
240870
240740
259043
241206
222808
271325
239190
234110
232803
242011
243001
242718
239149
240436
245170
248568
237404
235849
243228
234498
234680
236755
241240
241961
235570
241556
231056
238742
239370
230854
236513
220044
242019
233287
237294
252838
246257
245714
244063
244063
245940
249179
233964
247042
240726
240357
244233
244788
241483
247350
243726
244012
250129
249904
247587
239729
238291
242536
244762
229047
237434
234823
256360
243683
243462
260546
241824
241213
236108
257666
250007
260043
244419
250663
237068
219582
237079
239201
236365
231625
232460
237261
294396
221523
245870
254788
246278
231924
253114
242546
232235
261209
258300
255400
264092
227101
256198
231914
210480
242690
244032
251273
257968
245238
241571
218017
238217
241649
249107
248286
262480
230187
235966
231230
263567
244482
253994
250310
232814
214467
229313
219312
236698
219559
229473
269852
250831
244315
224804
251513
267461
212334
225614
241391
241788
241821
235458
248781
244094
243891
247723
245483
267868
264004
253230
227360
222551
248703
243620
232294
238463
302945
205684
223696
202069
247950
229434
241781
237336
237965
241341
239780
246708
240152
244783
237166
234392
263441
219378
255515
251492
247892
257091
257973
249328
253275
255782
250049
250445
246102
267359
213011
265310
246989
239061
247895
225504
239631
234840
233905
229616
227413
238384
237945
222094
248040
245134
251926
263542
220745
246427
254869
244337
253429
238743
249608
269915
247130
252287
247167
263130
245065
257442
241866
248170
246794
257532
249009
243277
248651
245205
243913
231425
231812
244383
235049
245181
241583
245432
249198
244913
242525
245929
260625
221565
252644
268528
235620
245490
257183
235126
248028
243802
233709
258837
251994
252710
252353
238966
260878
244577
261962
236562
278323
228858
256647
240035
248827
240799
233028
242008
252281
250155
254135
243710
240551
141331
139259
154438
176225
155970
147178
96935
164820
262784
240977
235435
237680
241889
248729
249069
242864
269730
257933
244459
238533
281027
213020
288322
276966
133484
140160
149105
175235
202331
177478
177084
176130
179620
169649
168219
178809
179258
174241
167466
159306
167243
182459
179264
175335
172930
174482
169201
170586
163056
223427
242827
234138
244155
234344
231856
231473
224725
230102
253188
262759
233125
244037
280366
230584
104869
111311
138643
122757
102797
239986
261522
247584
259019
250463
272041
206023
239917
238166
246546
247373
255932
259944
218500
235417
235021
239821
234776
250873
254143
245716
256433
244986
250422
259895
243578
249772
252101
241889
254214
294656
148067
19084
19623
112202
168849
167083
233065
254849
248073
237668
158764
45039
17549
13910
12464
12386
47891
140716
85940
26332
57237
64642
3404
5987
2286
2287
2286
1979
