34048
29372
13230
44743
26117
27477
7281
7558
25754
20181
35291
37604
37180
37168
35559
37302
36311
36539
38221
38718
38427
39048
36638
37041
36682
38416
38294
38404
37007
38233
36978
36927
38203
36430
36455
36314
35364
35236
35013
35475
41665
37295
37349
36095
38665
37199
36408
38337
38272
33343
36067
34528
36496
36410
34617
38362
31233
34475
34017
33191
33594
34431
34331
35483
35118
37945
36811
35851
36315
36053
36079
36198
35969
36997
35072
36572
35358
35803
34652
35101
33726
34660
36048
33242
33930
35648
35404
33577
35708
34897
34269
35578
32799
35908
37319
36858
35212
36493
36866
36548
36085
35658
37632
37062
36024
34944
37155
34451
36949
35649
37084
36352
36635
38236
37526
35831
37187
35576
34762
35451
35407
35506
37771
36662
37024
35735
38540
35809
36697
35658
36433
39018
37060
36383
36540
33167
34855
37671
33887
36832
35836
34216
40463
35258
38492
36968
39207
33594
37987
34630
33442
38230
38619
36876
40565
35137
38239
37707
33597
35273
33235
37874
37901
37138
38749
29327
37288
33825
36150
33175
34583
35024
35008
35869
36856
37556
37869
36484
37314
33550
31591
32213
33349
34655
31712
40265
37946
36475
35838
37588
37872
34561
36907
36716
37484
36675
36685
37736
37140
36404
36872
37103
36239
39573
37775
38766
34424
36816
36201
36719
37108
41807
31913
31597
33224
34553
37348
36488
36274
37035
36762
36624
37263
34927
35297
35167
34387
34954
35989
36820
36104
36866
37899
37656
37589
37716
39053
35848
38481
37577
39522
34795
37531
37929
38978
37313
34375
35150
33967
33586
34673
34671
33273
36682
35386
35417
35738
36237
38392
34546
39018
36133
36139
35921
38537
36585
39759
37006
37825
38308
38465
37365
39134
37408
35746
37627
37836
37161
37907
37230
37505
37548
36162
36205
34355
36109
36211
35468
36673
37434
36503
35703
36285
37918
34527
38667
39064
36216
38469
37541
37353
37210
37146
36111
36998
36656
37787
38122
36354
39127
37514
37900
37144
37796
37723
36348
38036
36884
35289
34932
32818
34684
34852
34619
33631
33832
29299
32418
37458
42857
35018
35444
27614
36344
34799
35429
31838
36362
38222
33425
37796
38870
38408
39737
37062
34904
40817
32408
41182
46163
24407
38898
37506
36748
39553
35207
38563
38069
37706
36297
38087
36964
36458
36903
37720
36344
36460
36362
35606
35585
34346
35654
34228
36584
35774
36988
32476
32552
36725
34832
36441
34947
36040
36174
35656
39244
35243
36367
39400
35806
33879
30854
35259
33956
26667
33087
35946
35682
36416
37204
39854
34659
34728
35895
36822
36660
36163
36689
34663
34839
36387
34694
37221
39053
37844
37010
37466
38766
37225
37391
38508
37286
37414
37515
36216
43067
32084
7730
9319
23079
39807
36773
35019
39160
37433
32765
35194
15255
8170
6820
6787
6812
20167
30045
24675
10973
19856
28506
1748
2582
1111
1111
1111
803
