3125
2295
89737
202233
188384
177996
178289
185618
191383
155149
148076
177901
181707
201569
152628
167141
170152
172299
173318
160451
178695
205434
172840
176683
179883
164507
169562
171003
173528
171682
181450
182812
184739
180268
165660
169767
178924
170971
183928
175620
150860
216160
164273
185263
165514
201048
167782
172317
158276
169261
172476
177954
189373
178380
165908
177076
193667
163718
163857
189065
162713
186070
180242
165881
183332
169689
176059
174329
178106
163360
186479
183101
172030
170864
173648
178190
182006
178250
178435
184625
160573
166084
174795
178443
178440
178670
168893
148965
198941
198870
152582
174757
191196
173266
174432
169474
173187
168819
182311
179509
172546
180794
187862
163705
195751
155484
189958
140942
174387
182622
176996
167954
179659
175643
184655
170164
171831
187823
148975
178183
193954
174864
169752
175083
176880
171755
181922
171821
175352
181317
178301
172298
177935
171568
168668
179929
178970
172272
171047
164865
177498
191958
183360
168384
170321
177584
169401
171057
175281
176088
180280
184160
177253
186200
160989
152215
225442
146981
168724
204777
176246
176524
154191
192378
170592
184643
146511
189965
174057
206195
154282
177323
169257
165792
207408
162404
145616
204486
167617
196814
139465
193052
190663
156388
163258
174890
173748
174397
181242
185636
129672
214618
181504
172690
182140
166267
166235
184742
176434
176993
181324
163528
182646
168150
175836
179205
171077
189075
161783
186440
178280
161785
193793
172390
168172
177803
175692
172022
171859
175850
171742
178062
173421
182947
172433
175744
178274
181780
177007
173850
173639
173029
179451
170296
176172
162415
191319
182359
171003
178892
165891
150869
153959
232073
136430
181639
187998
167430
180351
175043
202522
167167
171369
164867
120001
133730
163356
178108
211144
226431
106317
105466
255452
165569
210465
147550
158474
172177
175195
163963
195864
180064
170101
216852
155291
154592
185936
181702
148520
188649
176322
176497
177108
171316
161777
177449
180593
186579
189577
168385
166869
175032
181135
180865
169981
169757
183202
169145
187175
168628
174852
163468
189300
170195
183645
172924
168125
174865
175963
179084
178742
173901
178186
174342
161015
194380
196028
166128
175414
171487
157937
201153
144829
186351
211651
157789
167812
188023
155113
182768
169984
171509
179052
168335
194449
172131
164440
177284
168804
185051
170661
187713
168652
160440
182638
170992
183366
194238
166224
171697
174032
165713
189653
158844
211755
155810
162840
176684
178220
169715
173653
178299
181463
178466
176366
167897
170394
187452
178655
183135
165297
163386
178047
170423
175237
167103
205771
168404
180630
173839
180440
166732
173426
183855
161501
147997
168584
157110
253849
142866
180616
181324
175985
188252
157562
171306
183823
185506
171932
206183
131378
166646
172108
177166
181765
219949
149721
171827
176798
165819
179320
176479
179944
192998
141966
157416
167881
196078
177895
157670
175610
177827
171044
183966
169457
177666
171854
173313
188180
174148
157294
179560
185697
186333
170164
174317
167200
184698
185962
183892
183137
172584
198476
161332
179432
168296
177229
177344
172577
169728
185957
179777
173287
174788
178813
166840
159643
182422
188267
172712
169505
172476
188546
180840
160972
186601
174965
178114
171359
172255
196835
150088
209186
160037
164548
158286
183115
188623
168699
170651
178877
194037
155934
183757
167005
181354
180609
168093
174909
166842
172254
181087
210269
120937
213239
166929
165413
175455
184065
179984
179604
177125
164373
185153
170697
170143
173993
170295
184396
165017
192936
175955
168740
183638
173443
170058
153661
185771
197435
168483
180388
168352
190217
156191
182630
171636
173145
194200
160126
146099
204698
211630
145373
184034
165368
183722
174521
154201
185942
181684
170699
187555
165500
173890
188077
180972
154774
168890
191609
173231
166360
180236
184358
158216
165154
177174
196714
169142
172213
176897
177273
170058
186239
173665
168224
174639
184681
167368
177598
176444
195369
158949
184007
155923
191644
179865
165290
177574
170342
185664
168911
184112
169226
180794
171480
178709
166039
174557
185113
169180
179248
167206
189721
166248
172530
159524
179862
202695
161198
176260
178267
182781
170598
167849
179177
198149
153054
197171
150338
198043
154625
183202
149445
177490
200227
166229
170576
199163
163874
181677
171791
174882
163030
190132
185517
146679
206414
165794
173904
176571
173273
160258
186033
168369
183455
175773
174376
182008
162985
186939
175981
165504
171407
170548
201849
157332
185664
172489
179534
159152
174575
186932
171303
175097
213866
142157
182248
169950
164387
174553
199585
156629
184454
174962
192512
163632
164445
177435
179782
172842
175667
168600
176630
178346
174957
185793
170365
167073
169446
180086
173946
201668
150613
188306
161606
174990
179809
181308
176644
173266
176356
177856
190679
158435
157569
198741
163218
183314
182379
152953
195182
171933
171435
182070
166156
176047
164555
172769
181095
196842
169730
189300
161209
180609
162433
173812
195721
167793
169419
175535
176893
177449
167460
196010
159896
183412
194636
151625
184106
175522
166124
172001
192997
148431
181642
197738
174665
168653
166353
156227
220696
170902
128594
190866
190918
173587
169803
184150
176586
173622
170230
193100
148653
195196
173056
179032
169936
173162
164818
180896
190040
168904
153838
167564
200663
179416
152616
181836
193280
171602
179871
179194
195238
159507
173538
170010
159527
178781
193073
163353
174787
172432
203178
159828
170432
171635
173899
174956
206324
151305
170188
176699
169333
180557
170569
176877
178672
177677
172850
179491
181162
173462
192402
153982
167764
168000
197578
162985
176328
178892
168787
168361
204288
168003
170578
184387
163964
178508
162958
176438
192372
181760
174072
176979
166060
180136
174022
163739
171161
188022
167314
191121
167554
165005
184912
189090
153185
188667
173382
180641
174071
192430
159117
187237
164172
179175
163181
185684
148771
173395
186161
183220
202855
161454
173125
171553
174229
171180
181983
172523
186530
167594
176388
179441
176096
163149
178023
167381
194005
171685
148902
185688
197255
166784
173523
178398
177091
179388
177911
181205
164473
161855
175979
192564
175010
202636
146930
186034
172067
166524
166767
173878
190965
163832
176030
177707
185528
177877
175778
144693
194489
179708
171029
182668
169289
164196
181596
177470
223669
110827
161135
170991
195431
167903
168136
182280
172886
176455
173086
177563
173300
182220
171845
178067
172013
177240
160133
194031
137492
245635
177069
147156
198212
159239
203181
183499
149305
164748
180154
173572
186485
183217
169669
180322
166592
171558
181190
171927
159429
178570
177755
193550
191632
161159
163418
194328
169372
170171
185516
148216
166575
176623
176161
177603
204508
172781
170901
200915
163715
166189
161887
175112
208534
153208
177002
173855
187192
168122
163258
184552
183304
178991
158904
205318
160252
191788
153391
203513
166778
156576
166396
186242
183117
167649
177376
176460
179428
168918
163624
183801
193574
164489
163786
184845
200145
154260
180976
176170
173249
162710
178189
176898
172732
184201
136203
213446
174363
171939
183148
175640
160037
167819
196371
172123
152092
184504
206061
144047
181297
180601
166443
178715
170450
176065
175679
178283
172110
189508
182670
172063
154431
160354
184635
171370
198428
182915
179226
164940
183823
181776
152499
180741
172374
208389
160066
195507
158140
163549
167973
184438
171655
185671
185397
169172
169506
168670
189361
165811
183936
150689
192547
175870
177872
172814
167471
191034
162897
177466
197408
178302
138241
201009
152069
196974
153755
190686
178180
174605
176276
175146
172400
173105
178286
176019
184209
170810
185098
174795
161881
166523
182284
195333
149538
174197
192560
176962
160660
183141
179665
173353
175616
176047
208132
146472
185401
172908
163930
162637
177726
187253
189040
159630
171645
183830
172502
169366
171931
187913
159316
192859
176507
163626
180348
183022
155967
194614
175788
166152
191751
166465
170815
164520
183401
185552
163950
171404
185873
168026
186182
167870
186860
168884
176409
172804
215100
150715
166235
177321
173962
170516
167478
204105
145019
191730
198536
158479
152115
173220
166566
189029
184804
171988
198500
161054
164429
175861
174820
168795
162316
191727
171854
178050
175949
182466
172758
176103
179790
188666
175217
165786
174188
213050
130680
170806
172331
172942
201183
159918
177753
187019
165108
177267
183544
158338
191862
187173
161904
178282
165390
174841
193904
167952
166427
168739
179437
171824
179276
192067
166652
175225
193033
187866
144080
213651
150930
169368
162235
170245
194277
168105
169960
176825
172947
203329
167540
163537
172645
201334
138560
186295
167666
204342
166975
160233
179865
167614
189523
151920
201749
179733
176118
171870
174109
161174
182245
174650
186265
168177
172039
176197
178000
174846
172922
182592
167007
182493
175991
174893
183853
177899
178521
164121
187202
149595
214836
159905
166643
171105
177232
169402
183393
169747
175246
171870
192419
164388
164603
205525
153770
183469
188302
152359
164678
173535
195660
158309
198073
159813
174830
181766
180658
175652
165884
192110
169464
176693
174801
194329
184506
151050
154007
196899
172373
187744
164402
172714
170358
167411
186417
169578
185510
183998
165543
193705
158886
178601
174849
176185
164585
174410
166643
186481
179413
184647
169579
163512
194045
163286
184363
164712
187054
174528
169699
203794
158950
174875
172934
174500
177157
171258
137776
209007
180289
168621
172785
203617
184706
147090
174526
163088
178514
186627
173735
170364
176849
180599
152150
186002
197451
170624
174544
181818
163485
175679
168982
183035
170019
190160
161171
155973
196547
163276
190264
170346
185430
165639
195063
163994
199151
153368
180571
183278
174626
159415
160761
183523
181689
173640
178541
174738
171410
166830
199336
168118
162811
202837
145174
182546
172402
184587
169420
167040
181918
170031
185319
196739
138040
153158
172986
182753
175235
176262
177835
190135
159011
172746
186109
158183
174698
182899
169928
177207
189760
143282
243862
180936
165219
164670
174682
173016
169498
177596
182737
186158
150965
192774
178045
158483
194334
178462
172574
171130
181724
176830
183533
177111
168767
189474
159220
195065
159985
165212
187749
161245
159763
193559
194806
162511
182837
167292
171771
182979
191933
150179
197229
160254
188202
159220
202568
149967
190180
171878
158494
193296
162591
178926
178415
164370
192136
168701
168948
166803
190527
171689
185648
156470
192940
206789
140816
175205
175491
176958
166476
187468
178088
165741
192311
165037
175887
164054
180355
189843
162658
147195
216597
158285
175392
172185
180524
184825
184701
163225
156909
186012
183233
180903
174365
180398
176711
167705
177844
177893
159122
172704
190165
165867
172162
175014
174166
186530
172148
201730
149132
166016
196975
162312
176001
180678
171564
180753
175725
157611
208230
162224
165125
174211
170127
188625
165559
177055
182398
170471
182609
170291
174305
185733
166996
180738
181656
176526
158815
188045
166973
172005
208830
153648
183088
160186
166578
166604
217817
174604
164950
165053
173507
168111
188509
159060
199897
175914
173164
182561
176056
157741
178008
170751
192918
164342
162544
192499
173910
171963
174529
173982
178050
179019
181783
176622
121948
214934
179454
209492
150761
183414
175539
166472
166904
182567
176201
167471
168546
185894
174508
172894
191800
160086
174687
175188
201162
167721
161737
160250
198827
171274
170268
180848
165959
206929
116217
213074
171425
188430
163767
179479
160351
181340
181980
175416
172470
183933
163682
187381
163156
177893
179278
179040
171269
165972
177153
178206
180134
180216
201213
129129
230746
154700
165515
161233
170615
195491
163723
174514
203725
141150
194690
159998
179848
165406
183968
177230
183660
174669
165932
178046
174093
163197
180187
170875
157986
190657
186220
183821
172897
188038
169969
172208
181777
171884
177498
164525
184009
174833
173165
168374
191617
152322
198753
173510
170516
173327
179085
175158
165504
201035
164160
167346
181232
180424
161071
183106
165912
185052
177114
173056
163993
171498
171322
172179
173562
168292
214421
164343
180144
164052
192655
181052
158775
200594
175845
158243
184362
166595
179003
161956
169618
186799
169909
178931
175027
174055
176178
174327
186589
178386
166916
182391
164812
175738
178203
178913
197038
136635
190538
178214
181656
176015
163836
176490
174980
173799
189479
166532
158267
199898
174135
165240
167127
184181
175832
178405
185135
160984
179391
175537
216357
147118
165837
162823
202809
156044
176362
180204
165881
188084
187805
166718
149670
190386
174299
179714
173654
178407
169047
185105
168200
168583
175770
192171
183722
162489
177836
208744
125438
168188
171740
204016
183460
162244
179820
176450
164660
175332
182688
187685
170168
163411
173620
185210
197386
159185
160113
186373
185243
167042
174231
164637
181502
182017
171080
172498
162503
200786
165326
177043
170645
171475
194682
175447
152040
188579
170249
180939
178512
222811
135765
177606
149552
185328
187010
161273
183361
176243
166254
161956
202653
173312
169750
175367
177011
180381
167803
189905
176733
164067
159304
186591
186229
168956
174793
177022
180194
174500
174361
183566
161683
195890
144681
168940
152122
151954
215410
165632
178041
168029
183796
169128
178328
168734
201383
182406
136035
243264
127483
218133
155223
182620
174094
179952
177618
172687
167850
194077
159526
172942
168654
181690
174207
176387
177284
180215
171997
186378
167491
193656
170619
163216
187309
180458
161563
175315
180566
154085
150996
171899
157504
173350
152523
174552
155799
221613
189670
181721
193029
158219
199966
155738
200979
147597
188797
183362
168752
153109
175500
178223
175749
189497
178751
176464
173292
177040
156199
176773
179910
166307
218842
150249
141885
177672
167328
190745
196367
173038
182706
182570
174251
166698
162932
182046
194799
164614
173417
183304
170056
180164
174455
172367
182026
176781
170979
163661
157049
192481
185441
166408
184823
162843
168090
183151
190132
192423
157842
202437
147510
177108
156467
188629
182850
172698
186971
166001
180082
174917
178576
155030
186318
177734
178085
138974
220618
165658
183966
155630
181597
217153
121018
181855
184191
176851
183430
172201
180821
186805
154479
178196
188726
167724
171387
186745
150338
178760
171292
201792
162726
172491
187176
144717
193836
180886
172064
173510
185739
162426
183375
176888
174785
171355
181870
141792
185915
164097
177477
162826
217947
178305
157246
173428
192125
172195
169061
177710
204638
157993
197796
142492
171257
187373
179324
167230
180037
179209
177988
176059
163274
184791
184351
166927
156753
172225
190452
179605
138637
216759
174259
169652
176231
176861
185819
165839
185451
170824
167423
192974
163774
179641
173430
158745
214926
168917
153822
174274
188773
150168
177122
208854
152829
184791
162508
189446
181039
159259
171304
189723
168986
178103
158311
179482
187962
163162
201357
157466
174248
191754
170817
175242
174050
168930
185935
171834
171539
161035
182006
186594
172223
145941
189476
194847
169254
184871
168333
176334
172614
175493
188607
168158
157842
197186
166510
173608
190345
161389
199953
153141
208454
154278
168712
191138
183080
151097
173700
159507
191464
167599
189458
172139
161042
183569
179635
169898
179668
182429
171103
173034
173055
171594
184496
166450
190323
160562
182571
171632
183396
172429
153217
130616
210691
171945
164283
186328
149260
202015
179497
193528
150549
210530
188503
167035
199033
141410
199222
160462
171771
176579
168286
178106
180990
177025
170009
181920
180993
170315
173458
179014
174948
178448
173238
179713
175948
178812
163514
183778
184062
161790
161048
184242
183764
172142
173504
172841
187294
183304
159777
183096
168844
173056
177002
172896
178229
161155
177746
182383
177020
179696
173794
184746
172929
187878
173884
169769
174843
169030
148827
194002
179898
172735
172846
201470
168835
155554
171905
191379
170495
173274
183689
166166
169499
185157
201149
159750
168712
172246
165739
174744
172523
174566
199076
176813
146202
207663
159303
184715
176229
176147
170542
168526
171593
187421
172040
182743
187897
161384
178336
173775
171548
179748
168056
172211
197188
165458
149693
193600
181323
168538
176251
183293
163655
190250
174559
169434
173892
184069
184080
172640
159990
186821
166856
157788
185566
204730
142777
180332
175393
208976
155731
174704
188062
152983
178004
187590
164901
182452
166194
188042
164430
179388
178257
171370
170853
182834
175001
176869
165728
180066
172244
181131
168656
197224
161617
182980
165000
189111
173239
163531
174701
169590
187434
177922
150117
193332
191133
154785
184513
172411
181501
172706
200514
138940
185100
192412
152947
184393
211948
136170
188863
173731
176215
167115
159123
197655
184431
161234
170373
187094
180001
164886
171575
168133
169324
185842
177740
175425
182980
170603
174692
186852
165395
183483
163965
162142
177486
172250
186234
182530
169427
184808
167884
178467
194753
168710
165408
169033
173467
183574
166329
161101
196495
179783
174758
174505
183136
164698
172004
191168
159389
182895
184957
163301
173377
174873
161007
193462
173529
172508
184144
169936
197935
154755
169223
172392
194228
166772
177785
177992
170170
174344
186057
162767
189230
166472
187686
156872
186438
179966
171307
176442
176510
174335
168775
168993
216697
153805
175159
155730
188334
207736
154703
168310
174591
162430
183389
165524
172381
178627
176892
213285
137495
184811
171856
175934
182564
174576
164445
177360
185817
173408
175672
172693
171375
196292
161311
172455
168838
220316
125010
185051
172844
198859
158335
192696
158556
172002
171979
186717
173320
171304
171878
174160
181759
175094
184919
170968
178937
170506
210140
116263
211205
164823
172581
175834
175269
175768
176753
176653
167622
175110
175471
195016
160986
163990
181496
210126
166481
151335
189454
173783
210781
139795
168494
165682
165911
188731
191499
172541
174860
161513
187847
174994
184028
186456
156084
158013
204381
163681
169569
173805
213632
162235
158466
150481
196759
184908
179038
168050
177598
178317
187183
168572
198442
129470
182674
192911
170726
175492
180137
182814
169454
171498
166725
186721
156845
198088
194710
163847
166595
158004
178464
185607
180412
169241
168371
191301
152485
178618
209209
131531
209740
150870
178185
189423
187332
152577
175208
173855
188374
164590
191486
175023
193431
93132
92618
94732
89402
29978
