3126
2295
117012
366098
337044
303236
300337
311098
311542
219977
217248
386231
331046
355513
259493
281898
294364
296954
304556
281064
288014
336739
312782
299723
304913
290828
292924
286457
278810
255002
269867
280783
362969
353975
304747
294188
305436
288848
314916
301843
260501
360907
287038
320815
286682
337548
294986
284664
214330
221272
215965
337420
344815
315796
291315
306493
328989
266198
253609
342420
292046
323169
312005
278703
319217
295657
296125
299005
284608
291348
333724
315591
292606
288656
299634
317367
299405
304984
298197
311843
249461
254011
268028
289104
265840
257409
224845
199135
381995
357792
259876
320063
340752
290780
292241
268749
300363
308247
309866
314207
298950
305578
327220
292165
317927
263144
300363
153067
243660
375356
342015
300473
307693
305432
309239
291510
300258
320803
238839
284338
339010
302798
261087
221658
237621
231577
230603
235703
218726
234114
291739
297449
290779
238401
225364
267840
339672
343894
295901
269202
302175
341671
340407
293984
303452
305410
294009
316642
289020
315624
296565
305328
292449
247056
243985
313663
413137
262171
287728
365830
302030
287686
275264
321760
294503
312020
266161
305899
307664
320269
284389
321109
284983
285177
359786
272484
259856
351888
281302
324429
218975
314369
339283
253758
209181
204441
288377
362431
343932
324914
184968
371030
337463
302323
312941
291242
259647
306408
272393
323701
335299
286139
319740
265318
268179
286437
280537
297241
292431
372002
339154
289746
334257
296265
279712
288343
284905
267896
267836
255166
242414
251831
336058
364047
315191
305212
307901
313728
305854
297697
303706
290819
304585
294672
297587
281302
323558
302100
303024
310356
201364
154000
154743
306971
143955
204258
278526
210726
194555
218982
326326
327444
295718
176199
119210
133675
165040
178342
280297
344742
109782
106073
446404
285681
344212
158893
161824
174307
182038
175707
334817
362350
319885
368560
194588
173193
225122
371090
298800
349012
299307
294431
299454
296301
273868
311874
313920
321787
309787
284387
283815
296252
311489
312911
290168
291172
310346
310109
307966
273625
253781
213016
281298
287052
315232
291920
255019
310103
323711
364733
325851
305594
308684
298964
274342
334172
325795
283387
305645
255906
265685
357363
267385
326188
362843
273551
290235
319418
243789
278603
318922
306413
289320
255566
366590
311777
226645
260758
271204
366167
339244
337493
268027
209208
334228
335319
332261
329924
283554
266556
249265
291482
374142
287662
377199
248964
236650
330658
328198
310064
296290
304460
300414
314366
295973
289591
291298
316702
304467
311754
300067
279714
299042
286533
301270
284156
357646
297970
308639
300286
302140
283250
295356
308120
230830
164922
173081
158479
444130
250323
313197
328839
311498
305762
257998
295822
324613
323761
301265
347065
224777
286147
286518
306223
308295
377902
243446
283421
314812
297573
308919
307010
310805
322639
248433
201712
189715
218921
249141
184901
180412
184016
176838
206967
175402
182062
177546
176478
205930
199152
171362
190626
201378
235043
197418
198117
200464
259969
235963
262973
358879
324535
334419
272128
302253
294363
300055
300346
308114
300985
312113
296421
296592
283272
306168
292450
282194
299825
328588
294455
278917
312009
325220
304812
283529
318943
299333
302545
292618
300194
331032
262090
346327
271998
249752
265261
348762
331126
290606
297423
308918
323083
241452
326062
299355
311567
312453
287101
311122
290128
295119
307027
343671
201218
320432
316066
295300
306611
321745
309767
308751
299596
289538
307850
292393
297422
294079
294088
306535
295522
330653
295635
298981
306422
277056
299814
262171
329453
338778
281821
309517
295426
321943
262166
320790
290530
302421
329725
268342
242711
359148
363249
251121
314316
286348
305950
298547
261482
325886
313760
292463
315614
288484
297908
320663
310874
266245
309466
318454
292510
283911
306276
314013
280854
293777
300665
322756
291274
294251
303030
307413
290415
314202
300987
290429
301639
305907
295812
304173
299317
328476
274619
314024
271847
321021
305115
282379
308647
293896
320506
288653
311613
300780
299244
294553
300317
285135
297980
318207
289348
306453
289514
322882
286911
295770
273565
319887
336333
270106
313639
307155
306837
295357
285299
303557
340324
262781
336663
265617
322486
264852
275699
169708
328367
366779
289595
302995
333439
285029
306179
295208
293233
290579
322900
319168
259819
346385
282503
295821
303341
291182
275164
321444
295958
307993
297566
302243
306629
284331
306653
309776
285852
294747
300406
337998
273741
326356
291387
299595
283226
303286
309486
294223
298040
356795
249642
303159
295187
273625
303673
345915
271312
313907
298407
329098
269536
282919
312343
313274
296360
299615
287753
309307
304865
299421
313785
297341
282928
289953
320362
308792
322984
266326
317058
290020
290322
304411
309558
305008
296503
297475
313697
314697
268309
272492
337777
289384
304083
328700
268048
314695
292764
293314
314169
288544
301066
283085
306314
305312
324154
294468
320944
256223
319972
278054
314009
324878
293105
292021
302847
299129
303649
291709
335075
272121
309518
335780
261503
291945
312930
288676
295314
331206
268710
310441
331263
297673
283496
292623
275170
367898
233385
137492
208158
359430
339034
317839
321071
305605
298994
290061
327418
259159
335662
293200
307295
262296
319521
283779
311695
320144
297333
267520
299945
330497
303278
265691
333187
320112
291904
295616
303627
335689
273733
296183
292866
270584
306231
332422
280877
301129
300979
337288
270901
296221
293901
311618
310789
333776
262342
290924
303315
293740
309985
303730
297664
305184
299961
296605
303280
309725
295002
325939
271094
290929
297938
312607
287315
304361
320282
295812
294373
316691
287384
285982
314130
281450
310694
282790
307810
313611
314526
302215
305545
278468
299694
276386
278396
307142
337489
289995
326179
290994
298569
305684
317543
277149
318730
297097
309064
299995
312218
274820
324304
279784
289816
258437
251325
155682
275941
360101
324422
343185
275128
305819
281520
304434
292877
312499
306531
307714
287248
308772
286161
310883
282342
307030
288074
328027
295824
256541
323929
329613
285911
301486
306707
300451
311851
294911
314379
282423
273441
315501
326603
293000
344089
245752
316257
299959
277724
299641
309565
317148
274271
303713
304666
316142
303104
302721
249724
342148
302279
289964
315550
289826
291648
304040
303199
390361
195298
254379
264822
310313
257605
223970
226170
218823
217200
212367
216894
212148
224169
215700
227454
216485
224217
211758
286449
233814
414765
335744
244722
347161
276429
346086
317835
261558
278622
303651
294981
325615
303124
294317
309868
285862
301613
316541
288303
270097
297278
309818
316398
333284
282597
277815
327486
299611
287767
321565
261335
279635
284021
298450
281655
361691
315362
304599
337296
274589
296509
268183
317688
349266
269312
319811
298883
306654
279050
280231
315267
312964
303329
277400
350416
272874
317520
273873
337675
286247
260791
295880
329267
305179
293970
299864
299000
302990
261197
300548
325260
332717
283022
289841
309913
325993
291575
293310
306269
296893
283564
305731
300102
294755
330345
237851
342283
302415
299238
292600
307158
280536
299261
332672
291826
282126
305384
342418
215823
293285
299928
304534
319678
271963
291236
294368
330470
316468
336043
317016
300578
280004
276035
309658
287659
338105
306663
303649
290102
309542
310068
261049
305753
307597
342648
287132
326202
268530
271162
294772
319766
297743
320883
306109
295830
285123
290084
346052
271224
308347
267185
327239
301563
301556
294709
291966
318228
286354
307647
337673
305359
236991
328490
281837
327413
263613
316943
305192
303728
298716
306550
292883
298430
291715
305800
317518
282014
331393
292462
279373
278332
318397
335390
260646
301929
326171
300741
281381
313658
310275
292807
295882
300185
356014
257686
308781
295453
260675
283407
313416
334335
326436
269222
296205
313552
294993
288106
301071
320739
268714
331030
302317
281773
308645
318892
277224
323195
295035
298310
316076
270585
298807
283800
312643
323514
284335
292617
315605
287206
317746
302415
313442
284722
303233
290426
372357
255014
276162
279680
315751
290466
296004
354493
256246
326688
338343
272226
264388
296962
288881
320172
315073
297848
337335
269654
292841
299999
300580
289958
273350
333510
311593
300589
291228
302021
294261
300873
309222
321927
302558
288267
292351
365136
216021
289369
301457
301517
335022
264318
309478
333214
282165
305108
307075
292290
313776
318516
271489
312446
278476
297782
329193
299907
286661
279476
318459
296878
316633
315608
278196
303040
333700
315132
254980
360042
254991
289114
275023
302444
334588
287357
292610
303924
293170
344140
285015
281442
302684
345186
250510
309516
293173
340975
284122
274411
303935
288209
327743
266523
334939
308612
304276
275792
306177
280241
305534
302003
325074
286656
286420
309780
314944
296956
302513
300448
299930
302747
306268
293961
314348
306296
300693
277874
317735
264876
361005
278308
267821
297353
318090
289614
313374
295133
298372
299008
327783
284506
287607
343626
267401
313499
294718
209739
297770
340456
361852
288058
332075
267112
296374
304714
307217
302666
285389
320837
294103
302472
299735
332980
317940
249467
267175
341357
297567
319323
279664
295132
290062
280277
315753
296551
316519
318882
285875
328534
269815
312351
292023
232945
207321
191097
205646
291124
377092
363538
302850
275273
331573
282729
314298
286231
318734
299289
289642
345501
280142
289727
291714
303075
295462
242304
205212
406511
328539
294353
295605
342507
321392
239768
309850
278709
317531
313127
293874
292795
299081
307003
282989
323440
324134
289398
275717
307870
286011
306825
297300
306808
294291
324897
278108
272315
333642
282865
345974
275199
313141
288882
324667
285281
338783
264715
318672
277168
313617
273078
277461
319943
315401
298134
306313
299032
294044
291263
328702
301056
276180
350423
256237
304532
295501
313616
294559
288623
315185
299294
303267
325892
260577
204733
196930
198541
199309
198477
212751
263447
238179
233046
279312
195346
195651
193851
188184
187922
222321
222367
424979
321609
286145
285504
301410
300477
294099
301220
315847
332476
252971
324885
306806
271273
320447
311803
295435
293384
307462
299398
319959
295754
300771
311476
266211
338049
269954
284821
323204
280695
279779
341896
320471
277804
314678
288531
288601
314281
335940
269101
326729
272598
316077
272897
347134
249279
316839
275353
212525
276535
183780
295465
272977
256311
393508
307596
299809
290039
325760
298489
313544
268761
334229
348253
240290
297927
301972
305334
287849
312606
303599
284738
328989
281110
303819
282447
302646
326950
283969
255639
358008
280698
302861
293805
307915
317133
316051
276223
273049
327252
309477
309137
296647
308352
300707
283362
308057
300577
269872
299540
330763
286110
300041
300264
298302
313432
295112
348125
237084
291715
338726
281323
305590
311239
292194
307937
300717
273836
350492
287890
286266
301922
288880
316665
279924
299709
310047
300746
308177
292262
296958
319471
287219
309569
307729
302615
278801
317638
291798
289210
355617
264073
312671
238277
270005
317205
366097
313932
292194
288773
295463
286000
334620
277315
324724
297070
300396
300935
304691
276075
300251
293690
335579
283642
274829
328661
300603
292573
299471
307898
298108
308363
305778
290918
217790
364098
315116
356280
258876
301983
304509
285765
279478
317066
310268
294358
284722
320227
296472
298884
323821
275627
302082
306522
331333
299322
274753
285701
326831
290976
295063
306386
288339
355414
201345
352427
301486
317818
279172
308237
278868
306662
308975
307676
296834
312968
277406
321821
281778
307615
298052
311256
291421
284647
306249
305832
307846
309918
340272
227495
385275
259055
284409
275026
301458
338591
277616
302529
343768
253285
326380
277040
301688
293318
318841
306325
307995
292355
293163
301357
295263
277460
317415
299581
279532
318880
315375
299525
293537
322582
294934
296288
310792
292312
302280
287031
314259
298149
294846
290892
335042
273042
320010
293043
293990
298103
305728
296051
299785
336862
276230
289115
281054
303790
296092
323083
274443
328379
302947
292274
259125
243451
231655
238561
248863
299326
421980
300901
315996
288634
324326
314340
268455
340925
303999
273359
312863
247592
318543
267636
315155
328013
292788
314971
302664
295876
298078
293120
320547
305979
287361
319406
279612
292708
314101
299905
335770
247680
316627
304931
304496
285959
269551
324619
305755
303289
324525
282685
270459
339087
304453
282552
291326
321195
295140
306631
313672
274150
311466
296084
361104
257693
282884
287701
338240
274310
299873
309892
282853
319326
318057
293055
258557
323942
301365
311252
295279
301774
292141
313583
292048
309727
303957
310091
308854
277014
307201
343257
233472
295915
298639
340002
306187
274833
308230
302411
281131
293158
313910
321611
296147
284490
289343
320754
338884
264787
286665
312468
309171
277489
311411
282497
315189
301359
298919
298094
285064
337270
286013
298522
293330
301633
323710
302196
256452
324091
295666
308742
309440
373573
236770
296391
242521
334850
323675
284109
311851
304422
290638
279474
335989
290680
298777
296821
305693
304208
282555
336907
306910
278219
280838
312121
311467
290994
297116
306369
304240
301250
295442
312405
284415
331498
264800
280658
205271
190319
298199
202568
197316
199075
227063
190920
195643
197855
307615
250689
200719
435183
170310
334114
246725
369480
340150
315965
303232
297112
288640
326876
277923
294184
302402
308525
299523
298103
297435
307287
299339
311767
284703
331446
279194
290977
312142
307096
281534
290106
283865
162715
152801
171646
157390
173350
152523
174552
155799
288940
348073
324727
334429
278143
326235
271919
340546
240743
319693
319737
273265
255951
322238
320719
308845
320054
303960
289880
292670
320983
290615
295545
304052
285631
361529
258818
238597
253906
222444
286001
367130
310891
324994
307682
302055
286722
303675
295587
323540
278707
297930
314667
288872
310433
300641
295673
311653
297261
300504
281947
272746
324041
325632
279619
324177
286665
287654
315150
310716
322955
284807
331901
255293
296670
268113
328243
317455
300421
304431
290186
303351
287383
316054
271243
317124
301822
309495
244519
366544
286475
315783
273948
305860
373037
211599
311912
313555
290958
325924
294411
304018
310008
263550
304725
327807
284337
295385
326465
257779
312802
304381
329241
278186
295653
325173
258713
326306
310012
291317
301222
316827
277582
313173
300154
300582
287375
320003
259221
318360
295850
312337
272301
344079
299627
285415
294180
316462
299170
292129
303578
346894
260282
345548
246573
289724
319267
305364
288889
304575
312836
315025
287141
279513
312118
310270
291678
271187
298257
323257
313967
244272
358012
298887
289438
304322
304203
316682
284969
331612
277226
286851
328643
277543
310041
300491
275151
358807
290855
263491
295890
328045
267558
307307
333443
267717
317847
286049
324847
306345
278746
298825
320344
285038
302523
272717
304772
322916
289358
338458
272465
295154
329158
292739
298978
291724
295467
318794
287973
301903
270235
307178
322978
297012
254827
336841
318570
291247
315190
290067
299156
297839
300164
324635
288004
272768
330457
288855
300091
320822
277051
332375
272293
351551
262831
288799
332822
308134
233249
310294
269110
318333
315449
326278
297236
281437
312013
304883
294916
302717
315426
292252
298711
300368
295245
304959
288657
325123
279575
313927
288778
322148
294524
266527
216006
335940
245278
216761
253983
219740
336386
289030
350914
286195
365310
330813
290179
333746
271823
322283
253841
254283
322283
300547
322911
314523
307568
290039
307485
310825
294052
294576
304421
298649
311226
295631
306479
286856
312481
280711
313770
315934
287079
280075
317569
311479
292114
296016
299640
324525
324626
257652
315477
287603
294647
305637
290929
311265
288090
299873
306697
299021
312899
308915
298808
296504
320951
299084
287041
295032
291636
252475
342843
307345
291037
304113
335719
287346
272582
296001
327668
291949
298355
314227
289626
291953
310105
338293
274104
285607
290499
289752
297982
296414
305385
340033
308556
253052
343031
273890
319947
298393
304567
295762
284965
292432
319507
300090
309611
316681
290663
298239
298195
270856
327110
289029
298616
331442
290431
260929
325587
305221
297765
303655
304925
284004
321021
301628
293243
301297
311053
312047
293034
277834
317433
284677
269949
325901
346666
247376
312392
293218
355059
257889
300204
329257
262007
312314
324565
280991
307641
286164
325118
281793
304762
298049
302226
299582
307320
298090
300197
284329
312155
300124
307631
288335
325463
283003
318926
282855
306327
298554
282509
306104
291500
318653
311388
253857
334256
320258
268948
314603
297267
309644
305805
332622
237196
323285
330685
259686
319646
358705
235137
314646
296586
300461
282399
273018
342353
319091
270649
302171
308989
315348
277500
290875
300111
295967
312212
306870
301750
310024
294034
295664
319704
294352
305273
283082
286885
317768
288793
316290
299938
287480
315505
286709
305941
332138
294206
280429
287297
295971
313397
292980
280441
324275
305923
302638
301880
311888
282462
296421
318402
287203
310230
310605
277694
302609
299655
279108
333078
291826
293755
316049
289345
333176
273376
307604
286210
325351
288795
300712
304097
290941
296927
315663
286015
318848
291517
322812
270604
314237
306468
294185
303739
299678
300948
285602
295080
363115
267101
297040
262652
328876
353177
263695
283533
316075
293392
306588
291013
288351
302187
302496
352434
238852
305658
304909
299769
306944
307751
279739
304184
319751
296019
300756
295846
291935
335143
277431
298123
286443
373201
210432
320257
296857
339177
291416
316265
269446
293433
293858
317791
292080
303143
298261
301997
306967
300465
313792
289085
308442
297734
355151
208170
347531
288421
295872
298200
300378
300619
300284
302124
292979
295695
297204
337315
290227
280921
302178
351839
276210
249251
333899
306132
351400
240044
296385
284823
285211
324487
321853
297720
294858
280221
320012
298299
315274
322659
259624
297047
326603
278925
289528
303177
360635
284563
276756
256331
340904
316589
310056
287001
297428
301212
319874
289326
347254
213521
320333
326010
291337
303179
314601
305516
293595
294333
292589
315473
268735
331439
330459
285933
289603
275727
305363
307270
311171
287728
286712
331046
272526
297180
356352
231950
358215
256644
301325
321789
322228
271700
293325
298473
320690
276266
325899
304644
309747
94685
93745
94784
89402
29978
