4733
3835
198840
632598
554487
485635
513547
527306
521728
392062
376737
609479
541038
552409
452395
470752
492096
488240
498535
475624
523497
564626
494851
485516
510788
495988
481568
510815
502702
492709
496019
523363
499619
525431
470857
494355
509941
489289
510757
499452
451520
584328
471169
536137
465792
560437
506015
479223
442311
461527
461375
546882
549821
521456
490329
500991
532474
470669
460792
550413
452761
545086
509065
459100
546773
490554
484670
503747
510732
450155
535269
537562
496428
471368
491886
521498
519452
511497
494710
525836
465148
469977
491619
521219
504839
498655
460055
442904
573856
564570
449066
488405
558112
497446
494109
483111
493009
495605
502216
502859
507107
525386
507887
500462
541552
446431
504288
355777
502880
568634
526649
493383
515473
503050
533915
475528
503705
543943
422988
509147
540857
492969
481795
456807
486411
476671
476239
488233
458104
485981
584631
559301
531136
484700
471229
530044
521116
509776
493234
489357
503667
524846
518611
467433
492488
504488
490404
486379
517511
519941
506606
519623
503021
485862
448231
449416
668031
415614
462270
608624
502556
484030
471657
527889
484590
531838
445940
528562
471785
599361
421459
528974
483247
458326
608140
449755
435108
588743
460722
544833
409433
563695
529219
435789
460237
445825
528041
530734
523708
522481
415889
559909
523020
493298
522813
484621
496576
513290
505257
496148
505592
486200
509431
489834
509710
506861
495206
522173
467865
520385
501547
478004
545048
499623
474710
509335
494779
497982
498580
500866
487079
499697
495817
517233
490002
503344
515382
511425
508056
492669
505688
493965
507672
484327
503248
468432
553413
507524
484326
500092
423699
341616
350330
597149
325920
435500
555751
455027
426162
476563
648344
540313
497009
395858
300537
327883
378344
403662
556714
625956
274630
271825
718462
476515
606926
360473
370174
402650
417569
447940
602914
523416
511991
618025
422922
392645
491229
549083
489703
565828
510306
502150
501691
494241
434432
503643
524655
522583
566195
473127
467939
483091
512484
528045
503932
487347
478766
511671
551035
473908
493658
472107
521302
505143
504440
500285
486527
508049
505286
501655
509645
502080
505912
497526
451879
578122
525666
460081
513924
475566
467338
562036
417724
534317
599383
460023
472507
543931
439719
517438
477218
498711
512026
477882
543828
502550
442167
504539
497175
521824
505709
524373
483077
454029
534995
486851
534705
540453
478904
472380
518155
476027
524868
439604
626361
448535
457193
504077
505567
491959
497385
498909
528483
516685
487785
491521
494424
516046
506861
524897
488565
469606
502148
490103
504913
460370
555869
491609
522225
501660
523526
477866
500674
521416
462501
441564
471662
444013
703296
411024
525039
507765
521032
521833
458950
498215
510909
505544
499158
590161
375542
483202
497125
519910
509334
624504
423154
478384
505180
476016
499433
505198
515755
562735
457752
452721
484253
500031
527816
486393
493319
504443
490583
521339
491781
499280
491479
504386
524035
479489
474176
497355
504614
538947
502942
502690
489981
506007
520825
524648
495031
492580
576959
449391
510254
490613
494600
516660
483825
499547
533507
492275
495601
488130
514599
473430
473700
509486
531172
509639
466482
487571
545457
514758
459827
538498
499709
506873
485783
501185
549752
437206
593680
464245
447287
454339
542269
529487
480911
490280
518380
535180
453989
505822
492677
522834
508018
474507
489099
499683
496499
507963
578984
396424
574099
469543
482874
487274
531963
513345
515014
498874
479266
517479
495999
484364
495068
479614
516487
490931
564010
487500
486849
530367
478699
485699
442228
507510
579851
470523
520331
481971
541478
443452
527525
494320
501833
550559
449671
433315
565869
609283
412569
513997
478862
520110
499416
443382
534255
510724
498606
522742
480255
493658
518915
534991
430617
510187
541507
491966
466255
511660
515667
486362
470926
486444
548189
488548
485346
501193
520922
492374
525563
498214
467446
510297
526901
482832
508229
506376
541602
462270
515684
454740
542442
507971
468131
507782
493546
530470
478542
517609
496756
512569
481681
504603
486707
494933
532992
491982
495286
481982
535376
492650
492222
441953
521920
572174
448828
512431
509191
529593
485176
469786
508930
569802
432766
560021
440175
540540
456421
510419
376897
560851
575819
475916
503595
552091
471113
517161
482021
497319
484354
533706
521789
425590
600972
466380
504949
491587
486792
460104
531359
489199
517775
494388
491481
523532
480170
526464
506643
464443
476799
490420
611172
426756
532444
499651
490748
460451
493947
547915
485184
501966
596209
407707
523570
494878
463827
496017
567747
457425
520036
489436
547057
468177
474502
509710
513500
493866
496859
476762
512705
503820
497307
522694
500483
472218
475265
519275
511334
560690
446012
528812
473862
501989
505706
511010
505222
494959
487909
535185
532420
441312
474486
541111
479194
526218
500971
468414
532502
485540
489642
518036
482329
490325
480586
511594
516399
541149
479778
546308
458003
507289
481657
487274
544036
486451
475149
504897
507861
500731
477040
572325
455540
524090
551849
439712
519042
503689
467398
488474
553222
444248
514508
557707
495586
466745
473449
467805
628321
459580
302169
478843
626204
529850
508952
527675
508118
492385
480784
542578
445785
566549
473808
525359
464423
507207
474304
524212
529644
485620
447282
460697
580967
507189
427933
527207
567141
491059
507192
499895
565613
449273
494984
490729
453726
508386
547022
466475
499429
508936
557248
457884
496662
474908
496607
514587
590553
438000
477389
500301
476243
520449
486580
509182
507605
523486
487190
506471
519735
487438
533681
445014
475400
491036
558861
479035
503034
518868
490648
498233
545035
471985
493823
514550
465737
507125
497010
502228
527177
518999
482550
517811
469907
514149
500275
473555
491369
540518
464749
533843
480336
487369
519560
530978
448763
532096
505970
521073
491169
541799
451784
528686
470152
512241
480821
497052
344887
523689
576536
539870
586126
449299
498602
487447
494479
487526
521487
495145
536629
469972
527236
488418
507479
457988
516303
487148
543330
492308
429753
521124
562311
469312
497909
515796
508564
508685
495720
533138
464789
448476
523010
556025
486274
576360
422060
514104
501612
470977
482714
531031
517793
457745
501770
506724
516273
515544
503511
413562
561311
508384
491429
515636
483198
483604
510805
499589
626177
364104
476772
528950
531990
472311
478285
499893
495740
496717
494233
503025
494586
507379
497478
506862
522647
516209
459645
552083
415858
609661
506937
420098
559099
469141
575287
502236
456577
464123
502159
499022
537806
515291
482134
513825
479399
500428
502053
488236
469155
494385
545108
517355
544448
474498
478385
536484
481963
492114
507297
457193
492818
483212
506857
506670
556252
501556
488702
569808
464796
477814
444228
507181
612744
423136
501985
497653
533718
497840
456708
521119
533897
503964
451463
589443
456304
524981
465109
567753
483430
431697
478232
540983
523417
481252
506449
498896
512517
479697
463904
526188
551470
474393
472072
519533
541282
508462
483743
500394
485981
475772
515943
504392
493343
504327
429722
590890
480890
506759
495346
509670
459491
474598
565544
489023
454419
523436
598063
413784
500254
506885
480655
513178
500309
494980
497730
496507
491079
532049
523047
483126
444977
463916
528028
495275
574473
524542
496085
481222
525095
514475
439717
490196
500334
608816
444912
560086
453534
460464
486394
525171
487465
541569
517242
483390
479807
460217
584516
462746
509512
433144
544825
511407
501044
488868
483747
539034
476739
512459
538744
516842
406956
554946
450230
553991
460058
522861
507703
501160
493706
512862
484783
502140
477912
537231
515855
457229
570898
490242
454224
483316
526549
538046
434827
488753
560407
501751
460759
523816
519380
484699
495893
510893
597406
401988
533087
501897
468305
454224
510462
553796
539859
435335
498329
519218
492103
485515
498341
527333
458880
547713
496640
470300
511775
533136
452163
546240
496678
489105
541890
460077
490133
481600
509587
532442
470602
495942
521713
478748
529370
495098
534298
465280
507891
483993
625606
421695
472760
495945
508995
479950
484994
580652
418441
543042
557833
454965
442456
491925
460296
556067
530335
486174
561708
451489
485276
502761
498367
483087
457581
546804
515209
504325
502873
502427
490516
490825
525059
529668
504517
480657
500893
589955
406486
487251
472195
496861
563112
464922
502926
535333
461703
550063
480689
469695
528025
544923
454257
514192
467077
505203
534421
490075
497762
465420
522204
489250
512974
531805
470554
512657
550895
529944
414114
604490
427311
482971
466040
496006
552256
479654
491884
508454
486383
567740
471418
468652
499357
561411
416936
525194
506121
560221
471431
455129
510787
475960
532224
460233
573677
497337
515433
478680
496368
460315
538501
494013
518393
487421
496015
489352
525163
495711
494548
512197
478940
524176
502690
484927
528871
511177
503325
475369
526805
443578
591044
466879
468804
486550
512601
487563
518089
493341
481900
496098
551318
456726
484406
576523
445560
535978
527399
437540
460849
483787
555255
472573
570210
455968
502232
517663
509340
510398
478175
534836
482422
505176
504324
554035
528516
435882
425981
565683
492737
535151
461652
496419
491408
477083
542038
471789
512390
541125
462980
552180
460266
513278
496041
474652
444931
419724
437613
579096
594224
554510
483819
465332
558076
465002
532125
471672
531042
501766
488852
576719
458485
493231
488913
501028
504582
480792
410681
576172
520239
484690
494961
580851
536191
401718
513787
448460
522760
524829
492021
490847
491538
497463
490250
533942
543787
490235
487172
511575
455172
506743
506619
519616
485362
524237
461193
461427
543470
459078
587073
466940
520493
479427
553638
464178
571503
428957
538476
504114
504116
448707
466732
529428
501758
503372
507080
506884
492466
486391
531223
497674
464944
577885
422013
517928
490615
519498
482762
480862
519880
498461
512758
542026
478541
447518
476432
510766
496264
501780
505226
510297
482581
505815
505870
488628
509098
503759
479389
499067
503964
461455
644471
512511
465815
465972
498978
495627
493207
492676
532923
540181
473249
523536
509143
477879
519052
502242
486920
490062
510693
502673
523559
500413
490524
533438
448695
573255
448995
479248
530126
450970
449453
587254
535430
457319
535864
470673
481579
530022
527380
440430
576324
462690
522334
460230
571342
441111
519122
491466
451733
544562
403699
551133
531725
481916
548213
481800
490591
491490
513828
493079
531503
458578
530177
598525
407642
493244
498833
509604
498336
524391
492483
469238
550743
477521
491361
488230
505181
532535
471991
433555
589930
450748
530779
482753
507776
538658
515997
464104
451013
537223
519585
521504
499024
496193
503800
482863
509569
507856
443925
503489
539356
481593
497534
504980
500283
507508
494605
569509
430690
484703
554045
470135
496516
512441
487639
511249
510740
449200
551106
475115
486849
502239
493873
542412
458716
501928
522502
496981
526821
482096
498728
528556
483586
509063
516997
500310
459916
529387
467559
493003
618875
434261
518517
450604
482376
487828
558880
536246
470960
478964
505659
484424
522821
470764
564808
487111
496301
513732
499804
463161
495541
496036
540263
478074
468568
543201
499027
484262
505794
488125
507979
523369
504885
490694
389013
583824
519960
596321
428849
505171
518455
472256
475643
522151
510969
476864
479373
531278
493198
499375
534771
456469
499632
505299
578290
480398
457820
462673
554589
500263
487457
505653
472672
572939
373403
589838
483462
542949
469098
502600
467245
532079
498535
505139
500359
511666
460122
548001
462542
513306
506021
512219
486537
467957
502979
510360
518535
523878
559373
383207
643004
445659
466826
461841
499016
558688
467992
500196
556494
432008
543048
459537
499022
486017
522335
509383
540880
485209
484302
501631
508067
440184
500956
495371
467324
560608
520772
511331
496047
536056
470998
501569
516877
484875
509817
471530
526898
494847
490700
477682
543528
449978
566824
489064
487602
490788
503964
518612
472880
574480
453477
485430
509268
514386
462950
517043
469544
534360
509131
492099
472179
495383
497758
506216
502878
481357
576921
451800
534317
468521
539047
523614
442626
573755
508337
455358
514127
465952
520436
464415
487169
538248
473462
524192
511213
497207
498869
490261
511602
515817
483646
530737
466787
487495
519325
503535
545362
409519
546762
503540
513494
503207
466222
509934
501059
510429
521908
476215
470474
546533
505439
459478
485563
529758
503287
514037
525561
458015
510100
498871
620240
411181
473424
482342
553114
457969
503026
518790
472235
539964
517158
499629
445832
512206
495861
522681
489342
515842
475511
521719
502443
490995
502482
526056
515736
458740
500524
593039
405014
497746
494620
552198
508126
452359
511617
506546
461075
499441
513299
538951
491099
486831
493665
517694
538990
476885
478840
508868
525176
475860
499224
467766
529137
522304
481015
504047
462516
563536
469598
495562
487366
499936
546442
516587
432155
527873
487038
516538
509066
624622
403887
504037
419327
536756
530230
459837
531755
500753
500701
470353
537019
489514
484696
498119
514017
509754
468933
543376
522438
458909
466399
516306
529031
486723
503507
502578
512235
500980
494452
521904
469808
542942
435282
531875
466368
450399
593372
477044
488441
497145
528949
474806
469978
499306
573255
504442
417244
628385
388206
584350
452373
502637
518939
510769
499260
497358
475362
546149
469365
493309
512923
514238
487005
503889
495439
505285
509479
510028
478925
530341
510748
459955
535042
511660
455525
499467
513795
381572
361853
392071
356770
377615
341729
374625
337812
550492
569581
538457
538456
459990
569596
456581
559924
443390
514238
525875
485213
440253
510527
515224
509488
528274
503990
505727
487029
488431
464620
496469
508313
491375
617115
420971
444523
495783
491965
562846
512584
497496
523314
506383
506714
462162
486350
521939
541978
470203
489659
525583
479941
511650
504167
495489
522087
498637
491612
489761
432897
536735
532120
473798
533848
477036
484670
531509
504261
529451
471764
579409
431208
490231
442856
545154
535486
505364
508417
474974
512395
492869
511491
444343
545106
492857
520532
418029
593477
469157
527244
451893
528197
595501
388810
495908
525001
490656
539991
490507
508323
526460
444761
505134
542034
473012
482720
550593
414465
526121
517244
538877
466918
494912
530711
429941
541219
514920
481027
504413
531055
469986
530975
488243
499376
483567
509947
428844
541289
487419
505156
476608
577648
509030
456670
488767
545378
495481
486708
493788
582920
437656
581976
410925
486502
529919
508562
475678
504873
529660
506236
505803
461696
528701
516236
468115
456135
502231
532165
515859
419374
591156
495448
487623
497442
510700
525942
475514
536695
474823
487455
552964
451474
513311
491671
478459
596735
486141
433239
506078
524587
449531
517521
546987
451514
530390
472584
528997
513977
460394
499937
549607
470826
496709
456813
504608
535641
491768
552512
457763
495164
557473
470142
512821
484765
488311
525215
496359
491129
467312
506272
535653
491378
423508
526707
563304
483676
525791
486851
503593
473984
499717
553353
480965
455891
551652
477457
504408
534861
463024
541019
454041
600196
442283
479555
556638
509831
439156
494752
472571
514496
489763
541755
474536
485485
520072
507145
499642
487105
531941
483679
502842
484146
506772
514336
484431
537917
459537
520756
479009
521115
503962
474184
420365
550973
495229
478020
528545
480376
557806
511718
506303
427327
554070
542612
474866
550693
443632
554523
465010
479144
499654
479847
518578
508142
509789
481509
522572
511344
483610
507055
498197
497674
515860
486518
519782
488751
509362
478563
522166
522227
468971
471901
519222
521516
484154
493636
500037
537460
547009
430783
521344
474845
500603
501339
489150
513103
460828
507456
515103
518077
512859
507329
510667
490324
534934
500562
475738
497296
493278
424363
565231
493831
491531
515693
550932
479129
440525
493319
551333
490608
494643
526795
479371
485071
520128
574164
460805
485842
489288
458141
496422
490061
507519
559630
507292
444494
579060
448320
521935
502964
495938
501160
470951
489487
532264
497035
522674
519165
489418
488711
506058
483302
512188
486064
493517
566367
466908
441664
525487
542785
468908
500135
517658
474924
544916
491611
498938
492892
521517
518854
496142
459263
527736
478124
437685
539375
581100
409561
517774
507361
582773
453492
478851
541279
440458
515894
523275
475502
521717
463855
551922
472539
506851
491170
510192
486049
520328
497031
498391
475242
516188
501206
515848
482544
550057
463136
537887
467981
521063
497786
464754
512539
480662
524557
515497
457049
526020
538297
439040
528112
497534
518039
505003
564741
385424
542866
547490
429443
522847
609370
392594
529681
490423
504449
474741
456650
571608
531216
454916
489713
509546
525949
460849
475847
502039
498347
522305
506882
505064
511480
495529
491479
520786
494080
533854
451650
463172
504149
526063
518904
507037
490515
521045
470818
509701
549290
498708
468829
478893
479674
517195
490951
461142
549675
519674
508198
506996
506756
469778
500404
530856
474905
522760
511835
462623
501934
508736
464185
528212
490941
490103
530692
489552
549305
455694
480323
487638
556382
487615
505681
508919
481790
495643
534257
470643
532139
480565
535133
450650
531442
508675
487500
511151
496621
490436
485030
487990
608686
448975
498565
431896
514753
641986
428384
468640
481768
499275
519460
492177
487390
500273
504438
597939
405756
513069
490428
502161
514432
505508
462308
508297
532324
492941
500821
495656
491347
555051
464237
496351
471560
632090
360727
523655
481117
559763
482894
546688
445290
487321
486882
531642
500090
497076
492941
498765
510457
499855
525353
488993
511766
495751
588066
335550
585986
475656
498552
505189
493702
501767
496912
502196
490037
494808
490911
547015
492985
470046
509440
587943
471449
463335
516667
503200
577173
408066
485775
506253
455021
522509
541074
505804
503283
464246
533738
519991
504160
522002
445235
449437
597917
466469
482429
492266
590124
479314
451812
420280
556905
539872
510554
480532
513796
490498
542589
482715
569262
378583
511728
532234
490960
505894
522685
517584
480832
489947
486141
527446
442717
561159
543600
483569
472539
463858
513350
511430
517633
480327
483938
539479
456761
496177
587534
381670
612411
424570
505676
537358
521615
446786
485333
510072
537624
457928
538515
513948
557759
170595
168521
170362
160373
50460
