8275
7256
379762
1325269
1118788
927139
1036204
987025
997677
724685
686464
1307019
1115227
1054519
944231
936216
988218
979709
1004471
975815
1072494
1116465
951303
963989
1025169
982034
959767
1002277
1075082
1011946
997576
1029740
950789
1034724
954045
1022216
1023788
1003609
984633
1006028
924700
1108097
926673
1106575
889570
1147147
1001651
962156
952769
954115
996147
972830
1049960
1042090
992300
989506
1045031
976729
919143
1090329
859205
1162917
986944
896455
1105061
994917
953154
1002189
1043766
861030
1081982
1104153
1000051
922910
959879
1057672
1049344
1017429
975776
1069862
928271
951039
982303
1054068
989711
994970
999965
920998
1063815
1098561
900859
951659
1139676
999024
975455
953588
975914
1032526
982659
975352
1041698
1072279
963720
1020917
1108929
887282
981666
975024
931494
1029627
1029100
970439
1033350
997734
1070471
932319
1037390
1071559
910049
1008746
1032329
981514
982164
1004700
993239
989593
1017535
980217
1014550
1019979
977909
1002606
1016387
1007496
980899
996909
992156
1028135
993390
984677
1028891
1006116
1001823
933983
966877
1019861
998738
992592
1085786
1046097
1015816
1016846
1001910
1024895
860836
843753
1398996
779402
855880
1310968
927888
975987
968795
1058108
909358
1099989
912144
1052215
919969
1258406
741214
1048748
1026019
893821
1233843
899431
920243
1169968
886416
1094076
836138
1148699
1002555
869868
1044590
976826
937989
1016179
1026429
1020919
973306
1028780
1040788
975024
1031382
969727
1030359
975371
1012848
992550
1001182
1000969
999991
992693
1016408
1006565
964583
1077947
945199
1022494
987016
992136
1077152
992550
946610
1015805
1011863
994793
1002908
999626
988425
1011962
976829
995101
974032
1004453
1040036
1004318
1021729
991010
1021289
984144
1014934
960838
984999
967881
1077250
1030159
975488
974483
1038506
876911
921724
1254916
892005
1016275
994531
1031316
1018294
937019
1126528
929521
1031792
1008659
918153
1012252
992741
984871
1011525
1146626
856308
734753
1247777
1002505
1258305
878167
940368
993300
1004736
947516
1029537
955422
996779
1265427
888578
923860
1026015
873108
1015144
1105128
1037941
1005158
984489
969028
893872
1017860
1023726
1111748
1107312
909046
897939
959139
1026786
1067494
1021979
972638
929685
1055529
1160865
910795
987274
977854
1013891
969238
1015915
991643
966385
967380
994412
1018827
1061274
1017526
1019082
986248
881885
1235870
1024556
880711
1027495
976311
922016
1081183
854242
1093668
1181769
930908
926639
1097032
897825
1053137
909546
1011038
1028186
955366
1064619
1057560
944853
983773
952451
1009476
1015891
1032416
1023142
961781
999092
948528
1118210
1035672
965849
958432
1037151
967537
1007005
859244
1281608
907634
890061
1011750
1035390
1021442
991917
985247
1038017
1036439
983020
956217
997258
986837
1042813
1039594
935902
996244
1001708
1022431
996790
896723
1022134
1024707
1055890
1024035
1059079
973535
1001279
1030321
987586
951220
984917
927286
1164652
914355
966661
1025216
1093985
962442
935113
1019464
990491
1003996
1021343
1177909
758724
979908
995418
1044604
1026539
1222131
851120
948743
954724
969122
1010529
1009301
1044926
1140038
930307
1000302
978905
984703
1060260
966705
961823
1021468
990524
1004830
984292
999478
1003676
989769
1027070
975584
986909
997450
987205
1082008
1034201
989442
950234
1002732
1024697
960380
998604
1020361
1172949
856817
1032259
914849
1018202
1033144
959464
1029096
1080127
958363
1008212
969876
1035709
914273
975187
1032865
1036016
1027159
922027
1040745
1062551
991244
924362
1063976
1015377
1009583
967314
997369
1089283
887563
1206917
922956
897028
912977
1079573
1042802
966010
978419
1034830
1071658
904821
1017391
969246
1039573
1017717
955909
964898
1020415
1000657
1016296
1159257
850782
1121879
915922
953133
944158
1079930
1022515
1034085
995890
962808
1033599
976656
984707
991346
950308
1016990
998700
1123530
973342
949389
1077101
977298
962324
877812
1014179
1189079
886572
1091887
954936
1076806
878694
1067532
990969
992737
1123423
884955
883920
1096406
1228031
835048
996835
989479
1066997
980921
873106
1043391
1025623
1020665
1032876
965721
987672
977672
1129626
828116
1073098
1054327
984055
926499
1026489
997815
970485
1000190
1001685
1086766
948985
958983
992087
1061103
985832
1046826
989876
959360
1004236
1031010
995540
1029663
1009537
1052564
948381
982877
966489
1063789
982898
941385
1019162
998005
1016134
992621
1027342
998395
1024000
955817
1012308
1001769
988609
1057275
1001926
980936
973325
1058376
950489
1002489
911190
1093065
1104610
836934
1060375
1002541
1076160
945609
945975
1004229
1169144
848234
1111520
888180
1106009
913975
1035844
880591
1044411
1076508
944644
1013655
1064015
986994
1028696
944159
972308
1024617
1028875
1048556
905500
1183550
905345
1015394
973311
978657
910264
1056522
983247
1034010
974591
973406
1067247
969433
1055410
1014701
912582
936891
1019000
1196914
852635
1064621
1018306
953989
938075
1003864
1113421
937654
1009993
1197909
803739
1043197
1000484
916674
982626
1152814
898142
1050352
987253
1074292
960306
939282
1011361
1016973
988231
987592
959979
1023601
1012270
990172
1044273
985836
967914
936655
1060361
1064927
1101672
906695
1017174
963660
1006384
986094
1026511
1001568
1017049
930115
1115150
1071534
864361
985181
1036988
963901
1048601
964551
1016649
1020329
970815
981859
1020173
976053
1013345
1017017
995658
1006828
1057845
928066
1103098
923185
1014754
969638
1020572
1048663
957217
934260
1022139
1022607
974379
979318
1138026
910262
1056797
1096686
876347
1035759
1018370
926314
949905
1129965
892618
1031619
1104124
997294
918464
937562
963707
1277632
981088
709983
1063290
1066021
941439
1041316
1041170
1013089
980781
953713
1066498
932864
1109711
928642
1076604
947526
1014973
939162
1044329
1041214
980501
908991
960424
1147464
992105
809357
1091949
1160896
962361
1001261
988328
1160999
877377
997782
980736
895572
1031769
1084340
923339
1004713
1027777
1105357
915189
953844
973396
976569
1097235
1172676
867744
943447
989203
928867
1068492
971735
1032969
1017491
1050258
994349
999503
997810
973415
1051851
913148
950266
1013518
1095557
965333
987918
1046472
931465
1037701
1120126
947415
951911
1019990
920574
1031593
1021386
1011147
1017068
1045482
944939
1044592
919677
1060064
1020689
927261
1021383
1060252
907863
1049431
964150
970246
1073777
1032314
904488
1055199
1021235
1040963
983731
1081391
902364
1041743
945347
1050068
961483
1028548
806736
1047176
1026781
1054996
1168692
892975
985951
992095
975143
995026
1043002
983095
1081098
915017
1062313
980564
1008504
924695
1080409
959815
1045998
987215
856754
1073808
1114020
902118
1003436
1030432
1032270
1028219
971495
1087519
919528
846732
1040920
1170637
969529
1139141
823983
1040967
1007406
947040
930013
1122735
1014301
910458
999896
1018151
1023747
1048498
986385
818211
1136651
1029949
979619
1024350
998174
939151
1010579
985673
1230514
834958
1042882
1009523
1024739
1005117
973555
995423
1002205
1012202
976520
1001054
991073
1009051
1007649
1009372
1007003
991666
910802
1029874
934792
1124266
1005662
874904
1070642
954171
1134604
965506
967584
994001
961451
1002642
991145
1062626
949156
1036195
957520
1012350
1014415
972069
987463
998906
1073076
1031253
1068485
932102
962939
1060647
962914
999126
972245
974815
1086551
985375
1032936
1006511
981177
981441
952486
1141801
934965
943394
884869
1046028
1238362
801312
1023252
997640
1072134
1018175
878933
1036265
1083470
1012391
875270
1200507
907609
1035777
913621
1158523
963711
864110
943941
1090632
1055348
959694
1022187
1000666
1007468
976386
919360
1044448
1103001
948777
947328
1057931
1072057
985821
980531
1014779
938287
978386
1010591
1004366
979566
1039295
925271
1135025
927214
1021333
1011175
1003587
919594
961315
1130292
938560
952802
1018848
1238358
848372
979826
1014444
967387
1016192
1006085
998433
1004873
980592
966443
995328
1071055
915400
927343
963136
1075381
1005770
1124828
1033318
973023
964897
1075385
1023196
874841
938626
1033889
1225556
891158
1131907
896611
928379
945736
1064336
963065
1107052
1034351
954970
965084
848597
1192461
955198
1002732
882792
1097178
1022158
1000499
977243
976823
1079529
940460
1023275
1048664
1055483
839665
1072572
966895
1066473
975367
994636
998948
1000269
997197
1021482
965906
1020408
930471
1081686
1029809
943389
1092509
1009769
898895
978400
1051743
1074256
858661
953434
1134664
1017492
900667
1061168
1045211
968350
990786
1021850
1185771
835814
1051929
1000674
930375
913313
1003843
1139362
1055679
840464
999663
1070435
986475
973340
997721
1037326
959196
1078064
977120
946646
1012498
1036149
953886
1084378
987120
949120
1105252
928138
968149
975253
1027020
1052434
936069
996001
1020515
960697
1085513
976207
1056963
946356
1012011
975774
1227994
866046
946147
1006925
1005921
944424
953224
1183147
819025
1109327
1081969
922187
886598
980874
925950
1117528
1067264
978177
1134859
896869
971427
999292
991248
954475
898088
1169746
1021179
1005924
1017056
962958
968022
966665
1069747
1046091
1008561
958183
1007742
1120481
853758
1039767
1023251
1008317
1055187
887872
990949
1035278
925546
1081230
915206
1003086
1070821
1073889
918819
1042305
930256
1014709
1047917
986080
998880
921018
1082551
961364
1051382
1030460
947527
1042702
1067989
1058673
829078
1236961
842546
968900
936701
971618
1108518
952316
996604
1013309
973975
1100750
957106
930818
995427
1108087
905368
1031554
961728
1103968
970665
935381
1010804
943174
1049075
980650
1133682
958510
1043476
953068
1001583
942242
1058960
985553
1018155
966715
972423
988416
1076486
992141
976543
1039521
946141
1057543
1010817
958433
1080511
1022584
1003614
941409
1037449
895379
1176068
932214
967887
954126
1021410
961805
1047125
996270
947595
965728
1120203
909750
973310
1141692
942207
1067521
1036696
902175
891636
921978
1129904
982923
1144924
947646
1007373
1019197
1000104
1017525
960507
1046599
926436
1047096
1010347
1090069
1059806
897881
834218
1124884
974065
1080526
929265
996575
1003879
984295
1035822
953906
972140
1140386
887697
1128758
917233
1014038
985353
1030902
994275
940662
960088
1040630
1020057
1035323
973483
920461
1101160
934254
1077864
937325
1050663
1016097
975312
1152363
912703
985914
985933
993804
1010305
990722
820703
1124209
1042814
980123
986217
1161326
1078602
775882
1060305
855540
1044178
1056342
993208
990065
952841
1005467
1020482
1102393
1057432
956883
982955
1012290
894143
1024639
1054022
1001621
981994
1024461
927738
928104
1067372
901309
1244666
913170
1020019
949981
1116488
917958
1143943
845348
1106203
1011471
998166
876610
948576
1061465
985343
1026380
1012499
1035879
979687
966754
1012622
1003551
966938
1110898
899832
1032365
989155
1017511
977623
960826
1046267
998031
1016714
1081337
1025639
956347
957847
993498
976382
1017378
1007184
988180
1012029
978355
1040743
1006665
964613
994223
983582
1001199
981234
930723
1206528
980859
949639
934597
989860
967633
1034601
994546
1079283
1056527
992590
1025416
1008845
990627
1012643
971137
965467
995452
1006783
1001405
1007575
1014755
981320
1080616
879578
1188231
859434
957288
1053006
918056
841766
1267802
1047662
879850
1124107
924228
948095
1080564
978154
933262
1183785
915345
1043315
915186
1121311
901348
1017688
1012652
932129
1074112
949272
1013604
1016006
934171
1091308
959597
985657
1008521
941624
1034032
1081402
931063
1006006
1235388
818246
976750
988333
1010501
1004353
984477
1043838
915595
1134624
962915
968227
998723
1005902
1045337
951199
887605
1159889
865562
1123064
930552
1020171
1090899
1018791
933088
905571
1051921
1038335
1064550
1007416
961088
1014382
968635
1036758
1002110
894034
999806
1063559
977388
1005011
1003150
1007857
993078
980798
1105829
913542
991623
1111397
916785
997239
988280
1009908
1019784
1018658
911070
1042710
976944
987391
1002044
982952
1091061
913526
1000114
1044244
1025691
1040136
970669
990194
1049829
966275
1006661
1051384
989040
927231
1048862
920155
984876
1255891
850206
1034713
985472
923867
969162
1130177
1099123
895091
963916
1006018
953244
1036995
993911
1100432
961759
987213
1028854
1000927
920404
1026366
973424
1062441
956062
964293
1065001
972387
977091
1005474
994031
1007298
1070693
1000175
990647
844383
1094382
1035115
1183310
855555
1029975
1020614
920583
975513
1024643
1066058
930465
960469
1060451
989795
1003110
1047946
902159
1011656
1025114
1177910
921415
939926
920891
1082166
1023127
951464
1027710
942761
1089485
857917
1147276
929421
1094796
948563
994818
928427
1064949
1015205
999411
994952
1037749
900962
1128665
901011
1028198
1018025
1017380
973491
924725
996198
1040328
1040343
1064086
1102295
748648
1310542
886256
932563
918551
1000714
1115233
913059
1016780
1063075
955321
1072165
902542
959367
979250
1063850
1027905
1084108
979994
961776
999335
989239
883484
979904
1035044
955664
1065805
1070790
1026907
1001297
1073455
912120
1010464
1037678
967277
1016072
936275
1057317
995827
971005
953542
1070280
990097
1084408
961149
980743
982779
989254
1062939
906986
1145732
914877
983073
1041143
1030945
889792
1044997
996076
1014336
1029573
975751
961517
1017875
1012227
1031207
996191
944898
1126650
863608
1115182
879348
1080215
1057323
874955
1181988
988397
921009
1030471
963022
1013858
921116
972500
1080444
925020
1065319
1041838
995238
993424
978327
972989
1065707
978174
1041129
942346
982610
1030064
1025498
1041945
862682
1084472
983215
1054272
985843
945940
1033967
989018
1043833
1015215
948481
952903
1096173
989008
899643
984889
1065041
1011523
1028335
1058323
907018
1011531
1008658
1246077
808472
940170
988434
1087131
921766
1015245
1045037
944829
1039088
1045655
950313
885127
1034709
1063502
1044372
976661
1019047
967561
1024087
993086
962982
1019104
1052016
1048578
893119
1016445
1190004
859253
981775
959658
1069471
1023052
909050
1038190
1020282
915995
981933
1023574
1081337
995877
986329
966557
1037277
1031359
1083384
913201
986842
1043239
958875
996406
933366
1062902
1057664
942829
1014605
917041
1134043
946435
984000
957412
1009342
1099918
1051036
840011
1041135
978855
1027086
1019411
1310152
764887
991413
871210
1038805
1072117
913194
1045444
1021845
1003692
951164
1034192
994110
965406
1008516
1024870
1027014
908479
1072815
1079233
960522
930384
1016570
1041888
977315
1002295
1007374
1021976
989486
1002551
1036853
940960
1017371
941168
1143845
1029530
913334
1108637
996175
983891
963537
945095
965770
1034996
1007632
1055173
1010081
865954
1157355
910006
1078279
933475
878529
1072334
1052907
1003643
1009627
929483
1073066
971197
1004044
1009996
1020029
971110
1003836
988240
1012336
985333
1030148
986096
1014397
1095818
882991
1077839
1016556
900339
1005962
1012994
1004964
942461
1029699
943490
946133
913671
919004
859057
1191653
1111694
1058139
1062608
982562
1141615
890676
1092478
897131
1030644
1063022
952305
892024
1037302
1057872
996126
1039048
995749
1003904
982602
888516
990902
1030159
1017709
986071
1201480
880521
958656
1010474
1006018
1021832
1030295
968383
1039063
1015853
1007530
897841
1030226
1048467
1057582
923582
981599
1058777
948935
1012390
1008584
1003384
1057444
984213
980093
989440
819361
1072221
1091900
972892
1089893
942423
992366
1027114
975970
1026669
1034593
1123664
873455
954075
906082
1065490
1055402
1026852
1019989
944753
1036884
986038
1007801
896206
1108734
961510
1038201
832214
1201014
920337
1073927
895381
1048775
1163375
815208
964667
1058169
974753
1113210
981375
1029244
1029273
878201
1023192
1062602
950294
968325
1131269
809063
1053056
1024590
1080954
928008
987394
1034421
903469
1061330
1052332
942533
1014770
1086095
927030
1061879
958854
1002676
962795
986074
906038
1102182
983078
1034495
987004
1075026
1007388
966569
986279
1028259
1001215
991269
977398
1118078
891658
1221338
805561
964518
1042307
1017547
922703
1020463
1072190
972578
1077891
892935
1069699
1024847
922035
916378
1024669
1035452
1043015
832994
1180337
983182
980323
1008494
1025564
1039162
970925
1022249
984280
970869
1121300
881393
1017198
975926
963323
1210766
957213
873059
1012644
1034084
917485
1055291
1065039
911510
1048982
946212
1052669
1030279
939343
1003716
1102009
928221
982760
926874
990966
1038939
1039076
1066939
943546
988590
1132288
893264
1063203
961793
973638
1046973
995346
970461
962809
1007672
1052243
983506
856201
1060655
1104205
964007
1061158
965674
1020559
926479
1009796
1113564
972603
914796
1089570
954730
1007750
1076338
926207
1047670
943152
1226743
856602
940346
1089748
1036483
912623
978462
972820
975802
998469
1082598
895993
1019694
1052778
1012571
1017445
947397
1057192
964679
1008017
935683
1061493
1021079
972072
1074173
903517
1043350
946050
1042410
1043316
1000450
907006
1068225
959972
1001896
996954
963658
1007144
960270
1009206
954767
1099094
1101283
934132
1074681
975325
1079026
972488
937017
964009
960468
1049952
1005762
1017233
958030
1047257
1028132
954745
1030577
953686
997191
1054134
957908
1049878
982616
1023121
950243
1060622
1020579
941434
938907
1051205
1067234
927785
990417
1008785
1044696
1116460
867612
1042603
947347
1006154
966893
1023437
1006115
923903
990310
1033853
1064030
1034146
1068222
975115
962648
1058550
980745
948000
1011768
1003200
846258
1106279
982685
1019476
1038963
1078626
963752
868089
1004597
1092176
1000740
980458
1051569
963868
979569
1028280
1136065
935405
987363
965783
902618
986028
969108
1023413
1104324
1010260
951092
1137123
882071
1043508
990444
983401
1031198
931245
977948
1050883
1004628
1041677
1007317
995732
981990
1034754
964394
1025750
962575
996185
1106676
943778
893090
1045467
1038610
965668
1024145
1001848
967857
1108109
983200
990906
980723
1052070
1010541
982747
933290
1056469
981801
853214
1097708
1162886
817809
1038368
1007953
1132139
941914
931804
1103007
889484
1008118
1026369
986181
1037737
912101
1120127
949248
1001288
1004732
1007119
974373
1035350
998833
974622
960328
1033079
1025136
1026283
982449
1055656
905671
1118592
917294
1051097
997485
915666
1033753
987881
1006313
1033879
921170
1038824
1104427
858011
1050835
1012439
1035004
1002854
1127626
764083
1081000
1105026
866038
1011621
1268292
787877
1023946
971971
1033382
946488
915967
1152266
1044976
896072
981799
1002229
1083094
916573
944567
1030426
1002235
1009118
1027506
1002776
1033258
1008558
968107
988600
1006896
1116829
840571
950350
1009439
1013684
1106658
969979
973820
1055013
965483
1025782
1085691
964772
957415
975229
945576
1051583
987647
924310
1071940
1057857
1025348
1024606
984499
930243
1017157
1036257
953654
1079142
1010882
911539
1015281
1021722
939879
987213
1017341
976836
1057994
1015100
1041425
943041
962333
957459
1090506
1019937
1011046
1005816
972358
993639
1079245
927610
1061569
952352
1046562
929015
1069613
1009726
980366
1019538
991290
981004
973364
961800
1239927
885664
989137
863582
971997
1338894
883817
938378
868208
1069114
1050491
983723
994788
1011554
1020990
1174866
778721
1018496
996378
990970
1023064
1017335
916509
1018575
1082440
968252
1003431
1003155
990654
1084469
935172
993516
938797
1290179
708469
1041745
935043
1127619
975737
1142216
863670
957813
969493
1045248
1017976
1002039
998624
985327
1010354
988781
1058636
999729
994324
1005141
1169547
636583
1185375
973153
1015749
1010041
973614
1011124
982187
1001848
994459
985541
973491
1062902
1037018
923886
1014314
1176963
916955
947743
1038226
982150
1135569
877756
985565
1017245
959457
987161
1074092
995298
1023687
907971
1029322
1102709
1000603
1015288
865142
926757
1171784
941653
971929
999005
1163708
967185
888311
834566
1109955
1102911
996267
986326
1052636
966347
1059188
973354
1129172
775678
1015331
1056796
973809
1011199
1044751
1045510
962142
977084
965883
1075501
844458
1155444
1070008
966491
975103
892376
1045190
1029869
1026959
962801
973995
1066003
922303
979357
1171932
734829
1273735
840882
1007823
1079836
1020709
917834
995806
1012752
1049693
911488
1072486
1052883
1090510
320461
313344
319318
307005
95857
