2366
1596
42803
84680
80394
75826
74424
80136
82039
66009
66810
73888
78586
90246
64975
73675
71554
74973
75185
72121
75561
84301
73971
75622
75801
73107
71799
74751
77316
72305
78348
76553
78981
76507
73634
72833
76607
73813
77845
76052
64600
90564
71375
79883
72393
85448
70378
73564
67394
74376
74590
80987
78537
74582
70898
76063
85242
70101
71253
81294
70576
78401
77376
72328
77546
73672
74900
76098
75389
72119
79447
77052
76032
73092
73539
77863
76757
75730
77669
77563
80058
62252
73826
77438
77570
77945
70850
63155
86711
86112
65253
75131
80107
75928
76430
72975
74385
70981
79130
76744
72813
76562
84203
68936
83398
66948
85830
61007
73577
79415
77743
70759
76713
74741
78176
73935
74238
80632
62075
76738
84375
74517
73458
74343
76377
75286
77783
74062
74865
77816
76415
73891
76377
74657
72203
78636
75647
75457
75175
69650
75911
79273
80402
72755
73736
79694
71103
73169
76103
75828
76067
78894
76788
75745
72228
64041
96533
65393
70893
86933
76057
76267
65927
83977
74516
78904
62207
79362
78025
85596
70756
72536
73388
70791
88723
70702
61229
88594
73645
82501
62749
80317
82584
68508
71614
74996
73507
76394
77542
79716
51383
96233
76450
75316
76563
73134
69549
79317
76861
75929
79527
69332
79185
72188
74240
76259
74724
81740
70417
78936
75202
69906
83564
74487
70994
76924
76344
74726
73238
75254
73162
78878
73351
79473
74210
74135
76158
76827
77070
74525
76265
75261
75295
73809
76998
70687
81153
76271
73068
79005
70422
68968
70153
96910
61414
78327
76412
72844
76266
73727
86220
73046
73526
72193
50740
59856
79710
83401
86601
95887
47413
47121
112202
70002
88570
63914
70920
76290
76675
69233
78804
79840
73092
91403
66260
67020
79737
84106
62112
81603
75002
73261
75474
74491
70703
77949
78401
79861
76295
73028
72499
75651
78079
76464
73880
74711
80891
72661
75295
72955
74269
69474
82253
73229
80242
74707
71005
76333
75300
78064
74996
75585
75765
76560
72324
79351
83461
72004
72906
76651
65249
87359
63266
79084
89851
68438
71487
81103
67702
77509
76120
72575
77028
72827
84350
72972
68921
77185
72718
79675
72478
82283
73641
64686
80400
77027
76428
82409
71391
76378
73087
68772
82729
71798
87947
68936
69033
76758
79424
72854
74567
74906
78848
73804
78138
71614
72688
78369
77085
76618
73780
71183
76968
72009
75480
72915
83590
75772
77777
75397
77601
70885
75228
78045
67200
55945
62112
56429
115783
59847
77799
81825
73594
80124
68553
73175
80686
79516
71988
88575
59278
75225
74180
73897
75495
94521
61348
76115
76131
71824
76701
76827
77731
80152
61459
60596
65956
90757
75311
63939
63705
63589
62388
76169
61885
66403
63832
62192
77272
70167
60787
68479
73113
87488
69562
70010
70540
93698
80684
81636
79594
77033
81526
67826
76535
74042
75713
76153
74437
70245
81593
77399
74452
76863
74804
74777
69626
74771
82403
75501
71675
73974
79424
78283
71017
77458
75824
75608
73057
74533
85850
66584
89013
65899
71791
68954
75527
83291
71766
74053
76140
84723
66599
78611
72307
77540
75884
72622
76469
77877
72659
75112
82811
51801
91738
77349
70246
77731
75833
79005
76121
77454
72242
78537
73652
73335
74782
74713
79311
72709
79048
75287
75906
76554
73013
74084
65554
82518
81320
71693
77422
73068
83105
67840
76403
72496
76677
82337
71109
62928
86845
89179
63660
81070
70992
79417
73450
66415
77400
79551
72891
81679
70705
75208
81505
76488
68231
73951
80253
72985
71601
78232
80965
68991
71410
74871
83263
74483
74544
75822
75207
71727
77919
76624
70365
76836
77975
73477
76785
74769
83920
68201
79482
68173
80077
77940
70806
77056
73326
79501
74161
78708
70016
78325
75178
77751
70772
75113
79158
74271
76239
71682
80515
72503
76308
71109
75608
83399
70285
74357
77689
77320
73774
73185
75905
84900
67913
83583
65811
85445
65957
79918
63725
76818
84189
69967
72925
87313
70177
78190
76245
72148
70548
81932
80756
66142
84410
71312
72137
77798
74805
68353
80390
73903
76988
75046
76170
79498
70217
78909
75957
72583
73881
71681
88029
66461
77751
73982
80201
70616
73594
77013
75428
74231
90880
62663
76188
74751
72038
73822
84832
67474
80109
75535
81368
71775
69371
76876
78216
71939
76922
71688
76541
78074
75967
81168
71276
72429
74331
77422
73826
84033
65016
82612
68759
73057
79139
77607
75587
72787
78789
73864
80077
71051
66552
89000
69807
77824
81357
60933
84391
74234
73191
80949
71368
79468
65333
74714
77250
84968
73154
80767
68303
79014
70339
76295
82719
71275
74044
76689
74154
76704
71889
82527
68131
77988
85908
65102
78156
74502
73207
74261
82827
64406
75925
84654
74960
74753
72924
65765
94188
74740
56539
81376
82595
71337
72189
80329
77048
75921
73443
81980
62044
83727
76273
76794
72171
75166
73823
75719
78775
73985
67603
76769
81787
76986
66737
79986
81516
69750
77075
76757
83282
69998
74613
73084
69683
74603
84213
68579
76591
73806
88701
68226
75061
71098
76432
76852
85764
64726
74512
76344
72395
78750
71729
77628
74833
77423
73893
76562
78006
73493
83337
69325
71043
73731
82669
70043
76125
78180
71108
72054
85675
75166
71430
79536
71375
79147
68302
75919
82603
77429
75801
75109
72467
74746
74944
72309
75806
79131
70703
81975
72069
73157
76771
82630
65780
79563
75158
77211
73917
81664
70121
80427
69055
80206
70436
79392
65112
70854
82572
76840
86609
70950
74425
72597
75758
74024
78559
74438
76494
74412
76469
74911
76763
71788
76461
70273
84678
73565
63775
81240
82480
71472
75585
75163
75731
77461
77119
76293
72686
71047
72188
83626
75710
88298
62321
81176
72358
72078
72809
73413
82847
69362
75394
76927
80987
75325
76598
61513
86840
73160
72898
79917
72150
70433
78580
76766
97945
46230
64202
68934
89525
72188
69977
77071
74087
76411
74037
76469
73648
77642
74567
77144
73549
76519
70500
85371
58383
108856
75141
60393
89919
67084
86581
82550
65436
69468
78278
73642
80589
77485
73420
77079
71030
75384
76290
76464
66972
77208
73789
85425
81838
67907
71364
84195
72153
73716
84942
58773
69130
78343
72832
76831
92046
71315
75231
84391
69384
73291
70566
75646
86373
66344
80303
73087
79751
71814
70013
76782
80408
74396
70332
87727
68979
82268
66896
87852
70472
69587
70081
81316
76611
74541
74082
75739
79692
72295
69793
77776
81163
70609
71351
80629
85971
63801
79427
75296
73132
69897
78260
76624
74974
83550
55686
89544
76778
76453
74649
74437
72253
73395
82096
72003
67824
79993
88077
61917
76631
78514
70226
78940
73362
73946
76514
77164
73013
80566
78217
76685
66523
70271
78866
71696
83658
77603
78307
70047
78960
79243
66670
77202
73143
87074
71724
82474
69122
71049
72220
77057
75805
77680
80322
73483
72236
74680
81383
69158
79883
67633
78851
77704
76454
73932
71789
81400
70586
75283
84131
78426
60018
88260
66971
79584
66936
81275
78589
74316
73984
74284
75257
74430
79863
73587
77715
71321
83889
73130
71457
72407
75394
86885
63094
74001
82202
76287
70150
76766
77415
74121
75804
76283
87371
65555
81031
72524
71711
71180
75584
78191
78884
72275
73032
78458
75278
71995
72755
81739
70761
82117
75862
69684
77030
81442
66174
82719
74053
75549
81365
69376
74543
71292
77655
79206
72128
71899
79812
73446
78295
72803
80922
71092
74896
74551
91930
65991
71796
76970
74723
72770
73262
86728
62252
81789
85789
69324
65792
74669
73987
78902
77315
74316
85698
70047
71050
75425
75680
73689
70281
81235
73653
76962
72710
78911
74942
76512
75321
82659
74303
70801
75852
94133
55635
72841
75531
74873
84948
66086
76583
82791
69626
74472
80471
69229
81669
78838
69453
76353
72924
75969
82789
71229
75010
70159
74216
74493
76379
83280
71022
73109
84142
82572
63222
91658
64636
72344
69923
70851
85467
71996
74148
76028
73668
87227
72598
69649
76048
88331
58887
78112
73367
84973
72045
70959
77163
72390
82569
61646
85263
78860
76064
73763
73989
72027
77010
72765
83382
72909
73105
74887
76675
75050
74702
76416
73385
76173
78124
73827
77706
78129
76940
71598
79289
63488
92244
68061
72769
72515
78651
71000
79884
72374
76010
75578
83470
71562
69478
86807
64312
79954
82105
65579
71276
76061
85314
68623
83243
67836
74487
78047
77034
74334
70435
81728
74178
76464
75115
81235
80364
64959
66668
83451
75716
79686
70710
75817
73796
73039
79795
71550
81035
75751
72132
83853
67832
76953
75247
75387
71700
77100
71638
79696
75105
79548
73595
69395
84078
69793
79383
70703
79779
73616
73386
88234
68723
75816
74728
75702
75737
74058
59084
88854
77620
72690
73461
86645
80811
59104
78606
70295
79519
78518
74637
71896
78753
74122
70115
80781
80012
74499
75201
75259
73398
74018
73520
78924
70878
82736
68866
69095
85137
70864
79475
73639
77657
72277
81906
71462
83734
68960
74704
81523
74632
70802
69325
75757
79772
73429
76446
75178
74196
70848
86949
71943
69375
89139
66787
75278
72187
80016
72741
73129
78228
73876
79416
83240
59770
61087
70259
76304
74569
76286
79132
86539
69280
75419
79519
67682
72113
74402
72410
72363
86912
64718
108020
76881
72029
72071
75468
76817
66317
77918
82268
79337
63469
85705
74237
65685
86005
76685
74457
74246
77321
73700
79342
74534
75686
80211
68542
84014
69539
69913
80114
70802
71270
80464
83218
70950
77497
70514
74779
77274
87976
64206
80311
69157
79965
69485
88698
63087
82542
74404
66694
84681
69831
76515
76153
69806
83102
72630
71931
69620
84541
73131
80357
67790
84510
86562
59465
76195
75699
77526
70508
81453
75919
71537
81652
69817
77257
71442
76355
81708
71219
62430
91294
71135
72726
74021
75644
80073
79948
72512
68249
78761
77787
76791
75086
80289
76189
70167
77425
75475
70154
71799
83831
69483
74448
74172
74816
81799
74550
86844
62174
71680
84780
72034
73704
78529
73274
78297
73678
69612
85411
71582
74605
75330
73931
78283
71765
76212
79968
69588
79594
73057
72941
80749
69260
78897
78550
76066
66856
82425
73706
74187
88295
67335
78175
63692
75204
76238
88870
74337
71975
71638
74231
73178
86943
65011
83901
74074
76698
76897
74181
70225
76286
70619
84602
70690
69039
83702
73743
74774
74373
76478
75904
75717
77148
78813
52583
92840
76151
88550
66048
79120
74592
71069
71468
78726
74683
74272
72229
79073
75092
74359
82067
69049
74898
76342
84918
73173
70873
69109
86694
70351
72749
77653
72439
90761
47653
90299
76494
79622
70318
78233
69187
78364
76405
75772
74453
76454
74613
78320
72567
73770
75737
77285
74167
73171
76164
76069
76195
76780
89243
56436
95378
67321
71791
70827
71596
84277
71346
74872
87856
61849
82897
67669
77183
70441
78453
76772
76704
79434
71430
76042
75997
69931
75364
76614
67143
82853
78559
77913
72942
80357
75250
72093
77615
73570
77232
71938
78432
72585
76282
73652
84855
65873
81081
74979
72311
75627
78031
76236
72455
83504
70338
73747
77862
75118
71343
78941
70502
79371
76255
76257
70080
74730
72215
74344
74926
69964
89951
73746
75352
70189
82511
78584
69904
83815
76646
70474
79093
69974
76658
69934
74145
77569
74933
76278
74878
74166
75721
74732
82016
75914
73193
78414
71755
74792
76242
76711
85382
59451
81009
76099
78174
75168
70265
74867
76714
71726
85832
71698
67691
83009
74758
73504
71112
77339
76624
75937
79849
67614
78361
74814
93077
62672
72725
69692
88020
66966
76340
76271
72481
82638
79484
70629
67105
79257
75292
75589
75971
75746
73197
79874
72701
71800
77434
81665
78168
68995
79713
87006
53133
74002
75223
86970
77544
69254
77267
76866
72400
74620
79144
79661
73869
70902
72949
78479
88207
66428
69197
78373
79359
71472
75538
72483
78042
76060
75248
74869
70162
83898
73614
74449
73216
73535
80182
76936
68278
81632
72302
77434
76918
94038
59020
77165
65172
78195
81496
68258
78080
76318
69340
70085
90724
72991
73510
75676
75709
76874
72633
81532
78040
69210
68620
80788
79461
71334
74608
74778
79315
74668
72388
80139
71660
87047
59292
72597
59504
63152
94919
66455
69069
69351
82516
67200
68817
69318
100950
78709
54986
109661
50737
95368
70372
77568
74688
75081
77416
74368
73290
82649
68288
75063
72229
77707
73435
80245
73367
77603
72589
80460
68360
87509
76095
69542
76469
77219
71474
76078
77504
67077
66985
79142
72414
82974
72936
78539
70868
82647
72660
74458
86347
66038
85116
67262
87769
62817
80371
79009
73366
65819
74463
75442
75972
82532
75427
75293
74973
83260
65076
76579
77349
68476
92464
69125
54475
73144
67230
87027
90022
72938
79193
77371
74670
73418
74371
74169
84859
69606
74053
78606
73071
77425
76059
72200
78475
74673
75561
70501
70233
80225
77390
74037
79996
71391
70010
78275
83917
82252
69735
83862
63918
76779
66693
80107
80851
70963
81088
72898
76791
74192
77491
67877
79242
75033
76142
61288
91545
74584
77675
67342
76791
96212
50797
78995
78459
75837
75649
75617
77665
81788
66468
76547
80852
72834
70834
79672
67968
74936
72012
90389
68384
75224
78528
67458
81629
77891
74521
72387
79688
68516
78549
76367
73574
75346
79900
64460
77653
70980
78934
67700
91705
76975
67667
76475
78383
75553
73815
78053
87656
66542
82117
62449
73442
78272
77732
73408
76527
76029
79486
74857
72068
79237
76269
73130
67660
76295
81072
75640
58826
93844
75045
72388
75806
75462
78993
71914
81153
71536
71238
82072
71765
78916
76043
63310
93962
72696
67414
73385
83888
63793
74564
88942
66408
78599
72101
83061
77377
67877
74036
79530
72279
79532
67784
77430
80773
68520
86696
66237
75971
81732
75654
75306
73864
74023
80490
70123
76608
68332
78813
78207
75678
62062
83588
79345
75279
76826
73481
75262
73591
76581
79755
74552
67408
84093
72262
74745
79838
70716
88363
64235
90351
63947
74283
81345
80011
62778
74637
74956
79615
72178
78764
72181
72680
79792
76055
71010
77887
77063
74029
74452
77088
73618
76427
71603
81772
69970
77172
74876
81402
72941
66910
50915
95671
68114
70305
82890
65794
98061
71794
75580
65481
92554
80730
71230
84031
64516
82973
68651
74263
78453
71751
79766
73220
75937
72417
77026
78907
72667
74228
76660
76201
77603
73423
79739
70812
78653
71318
79763
77303
72579
70029
78166
77092
74620
72784
75163
81327
78808
67248
78252
74285
73535
78024
73069
76993
70326
76068
78909
75671
76753
75204
77874
74421
81196
75203
73698
72565
73075
65589
80318
80152
72179
74821
86655
73295
68903
71188
83414
72751
74476
80127
71071
71963
78721
87556
68810
71335
74688
74554
74484
74305
74648
83672
75798
61997
88853
68606
80002
75352
75978
73677
73204
73854
79105
74005
77839
82746
68823
76523
76175
71462
76921
74765
73443
80784
74314
67189
78906
79490
72944
75937
78310
70767
80035
75278
72378
74655
79238
78993
76905
67933
78544
72035
69964
80182
86062
61377
76796
73980
91293
67663
76850
76289
68240
78665
80054
69206
76808
73123
79054
71286
78485
76442
73671
74840
76899
75488
77059
70154
77989
74855
77289
72045
83532
71819
77494
73173
78762
72698
73033
76445
70482
80687
77426
65610
82773
80883
67006
78191
73193
77501
75422
84821
60272
79049
82787
66576
80047
88950
61481
81138
75253
72908
72511
70206
84764
80265
65448
74339
80621
77681
72080
74498
75348
69592
78516
74952
76760
80337
71404
75481
82940
74553
74763
71208
71570
76281
73257
75844
79209
72751
78648
73102
76048
84518
73921
70311
70810
75586
80667
74061
66887
83074
75900
73987
75111
80896
68038
74230
83387
69337
77460
80648
68707
73530
76222
68910
86294
74716
73596
78282
73429
82906
71862
71007
74902
80903
70924
75057
77138
72530
75079
79670
71325
81955
70116
78765
70401
79386
77042
73528
75460
74795
75980
72954
73772
92683
64391
76994
67382
80509
88281
68306
71487
79253
68097
77782
71811
74677
75799
79440
87869
59836
76310
74998
74971
79045
74970
71589
75791
79767
74808
75368
75074
71933
83365
69434
74978
72749
93211
54938
79094
75743
86353
68050
80114
67216
75783
74475
80247
75812
72837
73622
75926
79489
72118
79366
73260
76025
74406
91947
50183
89160
72108
73927
74138
76862
75416
76199
76994
71991
74915
75520
84794
69243
69673
75933
89495
72611
63419
81705
75402
90015
60838
73718
71423
73090
82042
80336
74443
74337
71833
81286
74112
77248
80317
65500
71269
84389
71987
73393
75099
90207
69582
68395
65563
83468
78735
79333
71358
73552
77377
78819
70972
90226
48306
84232
85010
70434
75984
78632
76965
74188
73693
72985
77999
65418
86348
85890
63715
76790
68001
76842
79915
77653
72576
71163
82517
66474
76312
90800
55146
89756
66832
76253
80264
83673
66549
74310
71415
81689
72091
85138
70251
82362
52877
52852
54401
50627
17966
