8275
7256
309274
963524
845121
712976
768606
779091
809176
659521
611020
825138
776907
768640
702563
700874
740314
734991
748688
719113
792608
862458
718145
725713
765278
756752
704300
728883
764416
750729
781014
792114
731088
778715
705250
751726
775081
738027
754914
742918
696323
866696
687982
836381
658511
869776
748745
731066
704207
721381
745447
709579
814436
780785
738873
740973
786121
711927
690564
831418
657328
856618
746967
661880
836159
744560
719099
746065
787347
638138
790693
844292
753878
698183
718821
787899
799409
760247
735665
802585
684345
710690
738108
794740
746758
737409
755648
705924
788561
821933
673988
712398
843912
763424
730980
714808
739680
769004
741566
729107
779655
815540
712721
751202
850793
658479
743258
727366
696367
757448
767272
727545
775340
755550
800718
698527
771525
808591
683793
763515
784800
731395
736182
754320
750265
750539
751060
732528
749654
774647
734336
746657
763116
754192
733369
753244
743753
762507
732866
740335
775720
771316
763039
690356
722401
782829
737318
718356
747449
777780
802345
794023
756997
825705
633829
614377
1062210
568000
665374
942747
718287
731055
724842
798983
689321
826839
667744
787600
699507
937237
565027
810000
765089
638044
959994
657940
658418
897399
669516
819614
621422
871559
736434
629507
789670
746444
705276
765056
772811
761983
701114
797669
782641
731049
787133
714371
764351
740185
772199
739679
754662
752125
746833
740281
761949
754641
726601
810140
704862
769623
740422
730506
818471
750345
708081
754189
746430
745643
745583
760519
746089
766134
723815
756215
731525
756997
781075
756105
763252
742102
762101
738182
762908
719568
748818
722362
814209
777351
725966
723413
806329
706333
671060
919481
684583
738786
735103
782817
753009
698891
851390
686591
772646
762481
683124
769600
724667
729465
773348
872507
657307
546174
919909
721514
964806
670666
697088
752211
748438
698124
795947
709498
739070
961224
658325
684691
785934
649106
726944
828933
765080
752274
738235
730844
675122
765141
788141
814714
855184
684196
679124
724047
768473
796797
762605
731826
673125
778695
894887
691038
739887
734823
761591
728575
768121
743338
723939
725753
744996
764622
795646
764647
762892
748245
650498
897170
806511
659355
773044
730563
692459
833191
627912
803280
894866
699081
691962
821590
686786
781435
682850
748787
774947
725748
803019
777654
712268
736260
716369
761747
759080
776812
760732
716771
769346
706343
822371
788199
716147
718619
782051
736674
758242
613839
964996
688309
669432
755158
770702
749002
739633
736497
776209
773276
764094
735090
735453
750662
778443
792001
694726
730613
752484
761123
754556
677165
771900
758191
791711
764948
805817
723352
754898
769660
744188
715386
745752
629532
931645
642103
750152
765549
858329
732872
677080
754236
757911
739732
756894
892965
567603
727785
743556
780765
769049
942615
632530
720858
715143
715835
757918
754136
782711
860852
691307
747734
744344
742288
766155
720860
734926
766081
736524
739925
732703
748204
746760
759282
780029
731578
735836
749159
747163
783423
781667
742662
714154
759151
759468
739365
749698
771301
916344
633732
773013
688216
763200
770300
714205
754036
794571
753623
749836
740007
784447
694462
732248
774274
771714
765918
685720
769318
808773
753943
683375
832407
736250
759018
721138
751137
820588
653241
908523
692451
677688
675218
810567
787068
731572
727219
779898
801841
695331
733920
738646
785026
763553
714524
695748
763211
759745
767942
870906
620522
863224
686929
719285
717507
793476
775986
774348
757745
698602
788026
738866
735431
741161
710661
768931
743934
845712
737089
700185
810918
735509
724797
641998
757530
901884
666323
836903
701765
816680
645334
805075
747444
737338
845250
664488
653361
835033
930516
614579
748635
737133
810989
733569
650932
788659
766626
765478
785327
722136
730745
739637
840444
624639
776413
813182
741880
689407
771109
748595
711861
743280
753672
835890
709256
718291
745698
790244
743743
789887
739818
719315
748504
777213
743413
767210
760323
794517
704263
747901
711770
817782
741570
706715
751806
759068
757046
737687
774685
750577
778320
704629
765318
736872
744961
797602
750422
731726
725848
803254
730044
732678
645074
820023
864013
631427
790878
749107
818286
703786
709475
759139
885210
633938
831995
653570
840352
682593
781623
658348
777878
812423
707053
755345
809553
750611
774361
699357
705563
734674
803522
790257
678885
900844
678453
764204
727684
732938
681527
793023
735468
774300
738208
713132
815687
716279
805842
756594
681939
677046
780819
912590
637122
791095
764233
724993
681406
748030
850128
702916
756571
923555
595768
766739
757611
688987
741526
864790
680480
788166
731217
811671
715099
702343
762575
764593
737430
741632
717806
765155
750775
748080
792486
731617
724934
700414
777234
781732
855252
677108
771644
714514
762367
746655
773010
746192
760729
701213
827420
820347
640891
714400
801063
710950
806830
703476
743607
791655
733409
740386
767383
715661
751480
739708
747771
773351
820099
692957
828242
695381
761646
712800
767283
809901
706208
691676
768746
775207
732320
724216
868175
674099
797363
817335
657940
786602
757012
696311
722147
844969
649760
776794
836808
745445
698944
688724
715270
978203
774820
599048
728770
783003
689190
767609
783291
762800
733384
717253
793843
694011
861701
688752
798078
706975
759599
704276
777932
800132
723342
663929
687576
887621
762245
607681
788486
886074
729677
765741
744856
869508
661121
747617
730589
668383
776595
816328
688767
754053
764252
843811
689771
708580
730768
715837
791518
915988
656340
704498
736914
698806
798382
725533
769888
762881
794761
742141
754637
757444
731058
784072
681360
711004
757185
837354
714740
742525
770209
695050
763529
880765
717184
712857
765050
686430
759373
768249
755914
783347
783614
700679
782384
693064
791902
762426
689121
747457
814766
691474
800449
714836
743010
784722
787094
666875
785857
765286
784320
739751
820620
675347
786911
704526
786624
705294
783352
689148
774170
701843
771453
892765
685282
716295
761170
726008
733758
774751
743436
819977
684249
797091
740328
756309
684289
807098
724348
788114
735549
648814
784452
850667
685831
743520
776613
778430
771410
741506
797572
690214
640979
772398
874138
735219
863632
623201
779706
750762
705000
687228
830129
774658
702955
746302
764289
779224
773988
738668
601297
835826
782254
740474
772162
736803
705737
760849
744150
931856
575946
770982
748713
814074
739314
718953
773150
733734
753151
744393
749861
734936
765294
742768
754625
729345
772137
663978
763214
695413
960286
714253
653871
811271
707301
861847
709335
662484
725294
774965
776861
760371
800880
711497
777524
710875
747966
776608
716471
718910
749321
797557
793140
825097
691166
726137
796943
715332
751234
734715
690788
769979
727999
764725
789396
798802
746766
697760
876935
701269
706237
659023
775325
943831
602504
783162
756503
799312
742843
653128
775468
814073
769796
650976
906432
675674
781818
678988
881774
713897
647738
716608
803965
803632
716028
763579
745994
758102
725859
686846
793208
823139
722418
691348
791743
850945
692389
765130
742930
714969
716368
762585
756654
737078
781356
665026
871718
702993
757371
766875
752763
684934
702196
847285
728949
686350
768457
953995
628418
734631
763330
712312
765670
756613
746281
729300
739127
738472
771908
801998
712328
665674
703266
803153
754378
859758
777613
737504
717443
800388
778284
651901
709108
761317
931790
669615
858423
664803
690303
719056
792234
716835
833898
794635
708161
716657
634403
878282
728843
756540
649927
826056
762361
753928
735814
726798
826917
699153
769544
783391
795741
607699
810564
710680
821589
725883
766365
748623
747322
746450
763772
725407
765050
685905
817488
786139
700315
820733
754771
675353
731302
795974
807389
635799
718055
859532
764992
663241
792807
787758
721129
753233
768892
903293
587665
812506
742047
700338
680827
758414
856345
801388
634146
743021
795932
747738
725377
747372
777138
705342
822501
735700
706293
761096
777867
691222
825114
753815
701110
837274
694660
728032
730224
775704
787311
701346
743683
763322
721583
818683
713239
822442
698693
755772
733848
930027
629516
705285
768378
752911
704250
716553
903024
606818
829773
821765
676209
660389
747318
693781
836570
796970
724272
856612
665013
731694
754120
744775
717970
677135
844288
773360
762553
762973
733729
733660
726716
798451
794128
755369
712664
758249
845208
610045
782180
697326
732248
866131
696815
754274
785832
681532
813135
701708
734206
807996
811066
690678
760574
707622
767418
799746
724928
744460
691282
781786
731569
788161
799339
695781
787799
817314
799551
609789
932899
620089
723169
694739
736388
838391
716633
744924
762367
731070
830448
716683
694221
735600
839064
644050
795987
735532
831045
730382
689002
764618
709867
776992
715662
876378
720540
783616
720431
743719
683514
824645
745364
755951
718057
734292
737550
794188
757763
726327
796384
699734
798283
750836
724063
810140
761631
755356
706623
786825
669411
881367
693079
727002
727271
757409
723581
787257
742167
714379
715320
848408
679957
725003
861205
686858
815538
788351
663597
678575
686591
826472
718689
877313
716295
760114
763440
753537
768269
716834
796772
706941
769460
759897
825593
784619
672413
626701
840905
736646
808309
697865
744760
745374
729886
792722
713596
750281
830315
672001
854560
687571
760536
733431
763908
748082
755626
696838
766254
767149
776547
728228
688552
828171
696676
820623
693889
768614
761354
742902
874726
683480
742844
735818
747975
755949
740186
611279
844143
774754
732419
748755
880812
804013
614281
764055
642593
784392
792430
741105
746505
717202
727314
768070
807981
823054
720247
744680
762822
662844
765088
786420
761080
740495
766675
688356
699870
796918
678895
914486
707197
773366
705329
832067
691298
870855
622875
827080
772080
736447
667032
698212
797161
741882
769311
760470
781857
727384
725580
771143
739579
724957
836420
657988
783247
733703
774931
735312
714376
779820
745962
770272
805495
746399
731231
724512
759003
748353
750173
750640
733369
743792
734900
766999
745522
752158
765759
729122
754308
724591
672345
942737
749964
707592
697155
744337
725638
748953
747663
812522
788025
729263
776206
756661
732245
782190
739252
733669
742559
760358
759524
783300
755613
705722
818329
656943
889889
645999
715015
793944
689559
624347
935400
804000
660697
840586
693744
714298
810209
731364
676879
908353
693203
782984
684391
842219
669609
776122
748333
703241
810865
730228
741581
758832
709470
813218
723571
736255
754000
700380
753097
828399
702463
758068
935388
606758
736943
737980
767732
740929
743704
786492
677318
850863
721647
729780
746721
758873
788924
702035
662156
881695
637870
847802
695542
767035
822580
761045
695666
672841
798559
787223
790779
753381
727180
762817
725519
771902
750402
662965
767629
794436
729855
753726
757611
752976
732202
750454
822520
681293
729643
835684
715061
734561
750184
744442
771149
766402
679476
801137
716136
735914
752593
736351
826641
686641
749734
777151
760349
788095
723596
746733
794091
707941
761653
792861
745580
694635
793073
684334
738765
952806
631952
785133
724097
699260
737300
827206
834654
666426
717792
758113
722797
763948
737008
857634
717373
720223
789412
750955
677259
769343
740496
803639
705573
717961
804951
730097
744486
749431
723993
770670
807919
747425
729905
607841
851317
782057
897863
633060
777782
761123
695917
719630
773229
800973
693045
721088
805594
742611
740002
797171
674557
750775
766228
909521
652068
722284
685007
821110
759108
721751
773248
704281
806884
616794
891667
697066
826254
714994
745942
689765
810461
757730
743474
747257
780086
678590
839914
678821
773360
765056
758438
728274
698673
745996
770997
784770
804914
830391
552659
999176
654533
696079
691675
746763
839783
698040
757546
802769
687497
820870
676764
725090
721639
781571
771573
820898
740211
716360
754673
749127
663347
713022
770688
724339
814648
798587
767250
752774
818127
681722
759365
776157
726979
767061
699573
794085
742950
731922
708802
792131
727820
843827
724346
736936
725524
743563
788455
688168
874300
683335
728330
788980
762503
670026
787985
747536
758572
774967
723527
728593
755248
755187
741667
766894
714954
870061
644355
828844
657789
814244
796176
653641
880507
748537
689368
777086
720496
758919
694242
724345
815961
694911
791675
785338
748693
745560
733900
727507
790973
746177
774633
712752
734217
757594
772269
794867
614996
840942
739303
790120
742135
706241
772658
745522
781468
755976
709241
694709
842791
747853
678228
735064
796942
754173
768566
807656
670327
760947
754024
958794
592549
703737
733394
828695
682251
765172
784619
708630
770882
798071
707667
659980
779194
776693
792901
737197
765212
721738
775681
731502
728761
748820
813293
791254
661279
764873
900005
592390
747562
740777
815847
774236
664534
769282
766004
706469
747626
764847
808965
742680
732112
733847
759572
771036
813478
688022
752488
784987
723329
745124
687835
801778
808361
698286
752641
688930
861250
697616
755756
704033
763543
829068
786157
623345
783398
739731
766627
759213
990088
575352
743190
635045
791199
815575
673256
800030
755750
748901
719174
771385
744745
734583
750535
764069
774511
683613
791887
814454
716386
695990
771521
787339
728595
753942
757342
755764
744386
756554
785725
700206
768935
698129
830805
746204
678871
856754
731233
743006
700784
716491
714762
766552
769594
820130
757376
626439
928382
621831
855257
703010
676173
792072
786973
751873
750337
709119
813127
717463
744896
757313
769832
731386
752641
737914
764421
743601
776036
737315
762214
811358
664352
817544
767994
673804
750456
749095
765316
712254
780713
765999
761068
736032
747474
739539
771137
710594
753446
780626
707445
880951
678548
809420
668958
782936
790895
715038
666255
780811
788602
751397
782490
749574
749759
736355
666062
714098
773160
769263
725943
926547
642140
693610
751837
743833
774158
807377
750005
779480
766890
757817
670168
729608
796473
819560
698466
735733
792751
719413
755586
754655
751552
793169
747514
721900
736481
626815
804929
800589
730456
805822
709545
726920
777575
761296
780324
736278
881438
646367
723343
672642
795769
800426
763839
778570
701870
773568
746164
754055
661847
842797
730976
758979
627369
908956
689822
816546
660361
788638
866758
618178
719927
788946
739866
825098
737779
779155
771593
657188
773139
796693
713178
728180
842652
608062
782343
766942
821137
697610
731630
782487
663923
803044
785006
712099
756046
815937
694820
797395
729082
747434
722863
723845
666974
824560
735024
755632
746397
841960
755621
713471
738710
785953
737086
735998
732138
867360
651197
916853
605261
734692
786580
761403
689441
767421
810035
709843
819497
669494
805976
776850
690104
676338
782799
779124
767356
622240
896854
739924
736278
745790
773058
783386
731072
759383
745745
712010
853118
671885
760682
713819
723771
923897
711382
656809
757113
782273
682622
791323
802984
677153
800853
697129
784859
778036
692448
752353
841427
694709
737524
690510
744279
785175
760917
814358
698744
745835
853335
668422
795638
735412
716521
794225
745592
728049
710707
764571
790377
739423
635765
785680
840420
727700
798025
722150
765863
688447
757082
840337
715819
676593
829625
720051
762278
800146
697935
797631
694010
931917
639779
705955
821461
774654
671596
738312
719730
742498
740709
823963
676770
727629
802124
760558
765780
721461
797657
727563
757043
678958
798092
779579
722521
812575
673867
787605
715531
775443
762848
748058
633179
835726
733577
763192
731627
701466
768524
718634
749721
726675
849247
827958
702098
813108
709153
821351
718145
717380
730330
714158
787614
758857
764951
716333
780408
776781
708860
767949
727454
755101
783679
717639
789782
739707
765803
709778
798088
774635
697249
710449
765824
805884
703511
744791
756251
782796
832347
658141
767929
708364
767908
722677
766438
757373
688975
747064
774589
791401
769441
789527
757638
725475
795396
729818
715939
758034
752098
636293
835956
730677
758844
791066
804558
732201
636728
745513
824464
753028
733049
792066
715443
732380
778276
861338
684317
742409
723326
679288
745474
725602
761467
838207
750727
684151
898482
660987
768064
755161
730649
772861
702045
735080
793696
743567
785203
768933
730936
738567
744857
741066
788736
694030
759515
847399
703667
664601
781232
788346
719436
767546
754181
727316
832755
741990
728018
731350
803007
758742
738029
690182
809844
725052
634207
822779
880788
610394
776672
758206
857399
701278
702988
823419
664490
753063
765021
744109
793440
673988
828947
707480
772179
747253
752025
738468
772742
748134
727528
738765
744789
754597
787217
737207
820171
647937
829595
692353
807605
748748
686563
768795
743501
768357
760411
679787
787073
839371
640582
791081
760965
780713
718471
873771
578413
797338
833428
648179
759964
958121
580410
778447
722988
777039
707438
680413
867511
793681
671313
733859
755272
812099
690417
706841
748403
734204
785838
768775
754415
779391
751182
726096
745403
734450
863074
623155
710775
760961
749922
841697
742882
736669
777701
716598
768797
824894
712972
718600
734707
711440
780338
740078
692372
810116
799822
767841
768698
735837
688748
767103
790123
716149
799374
756671
689909
752554
770771
703744
740863
755146
742985
798007
744167
798481
694620
726175
722766
817598
756351
763683
751130
726302
749074
823437
684279
806487
706985
780080
695286
810096
756021
724365
777516
739249
734165
736405
706331
954951
653151
740466
646187
723241
1023862
657020
693386
641377
784321
791324
737139
745954
760723
760756
914958
572193
781910
729462
761738
777019
743503
679916
762937
818611
731475
751000
752622
741044
808503
697916
753348
704153
973672
525703
785822
701631
851268
701631
835934
682326
725361
734184
784142
752626
750039
737598
741524
768027
743944
796437
750227
754653
738560
892102
461270
901990
717732
759964
766615
727882
757853
740740
752781
739205
745498
734362
798372
759500
686710
771178
894160
693835
682980
800996
737979
861640
637993
724178
773236
679347
770878
821645
739509
764250
697568
746694
802872
794637
768571
658224
659845
922022
700777
726849
737093
888519
721756
661099
629300
823130
825513
760491
728501
799838
711453
799462
738282
841480
579022
758624
801541
735290
762686
769818
790120
725942
727801
721110
804911
632386
876002
809047
704404
727037
689929
771985
783095
756274
726994
735442
802219
676692
748927
876654
547730
961096
636246
751748
809974
768233
656243
750232
773316
797725
683541
781724
783373
878403
317858
314228
318266
307005
95857
